00101000011011100111010101101100
01101100001010010000000000000000
00100101011000110101101100110010
01001010001001010110001101011011
01001000001001010110001101011011
00110001001110110011001100110010
00111011001101000011000001101101
00000000000000000000000000000000
01010010011101010110111001101110
01101001011011100110011100100000
01100010011011110110111101110100
01101100011011110110000101100100
01100101011100100010000001110110
00110010001011100011000000100000
00101000011000110110111101101101
01110000011010010110110001100101
01100100001000000010010101110011
00101001000010100000000000000000
01001010011000010110111000100000
00110010001100000010000000110010
00110000001100010011001000000000
01000011011011110110111001100110
01101001011001110111010101110010
01100001011101000110100101101111
01101110001011100010111000101110
00001010000000000000000000000000
00101101001011010010110100101101
00101101001011010010110100101101
00101101001011010010110100101101
00101101001011010010110100101101
00101101001011010010110100101101
00101101001011010010110100101101
00101101001011010010110100101101
00101101001011010010110100101101
00101101001011010010110100101101
00101101001011010010110100001010
00000000000000000000000000000000
00101010001000000100001101101000
01101001011100000010000000100000
00100000001000000010000000100000
00100000001000000010000000100000
00100000001000000010000000100000
00100101001100010011011101110011
00100000001010100000101000000000
00101010001000000100001101010000
01010101001000000010000000100000
00100000001000000010000000100000
00100000001000000010000000100000
00100000001000000010000000100000
00100101011100110010000000101010
00001010000000000000000000000000
00101010001000000100001101101111
01110010011001010010000001100110
01110010011001010111000101110101
01100101011011100110001101111001
00100000001000000010000000100000
00100101001100010011010001100100
01001101010010000111101000100000
00101010000010100000000000000000
00101010001000000100100101101110
01110011011101000111001001110101
01100011011101000110100101101111
01101110001000000110001101100001
01100011011010000110010100100000
00100101001100010011010101100100
01001011010000100010000000101010
00001010000000000000000000000000
00101010001000000100010001100001
01110100011000010010000001100011
01100001011000110110100001100101
00100000001000000010000000100000
00100000001000000010000000100000
00100101001100010011010101100100
01001011010000100010000000101010
00001010000000000000000000000000
00101010001000000101010001101111
01110100011000010110110000100000
01101101011001010110110101101111
01110010011110010010000000100000
00100000001000000010000000100000
00100101001100010011010101100100
01001101010000100010000000101010
00001010000000000000000000000000
01001001011011100111011001100001
01101100011010010110010001100001
01110100011010010110111001100111
00100000011000110110000101100011
01101000011001010111001100101110
00101110001011100000000000000000
00100000011001000110111101101110
01100101000010100000000000000000
01000010011011110110111101110100
00100000011100110111010101100011
01100011011001010111001101110011
01100110011101010110110000100001
00001010000000000000000000000000
00001010001000000010000001000011
01101111011011010110110101100001
01101110011001000111001100001010
00000000000000000000000000000000
00100000001000000010000000100000
01100100001000000011110001100001
01100100011001000111001001100101
01110011011100110011111000100000
00111100011100110110100101111010
01100101001111100010000000111010
00100000010001000111010101101101
01110000001000000110110101100101
01101101011011110111001001111001
00100000011000110110111101101110
01110100011001010110111001110100
00100000011000010111010000100000
00111100011000010110010001100100
01110010011001010111001101110011
00111110001000000110011001101111
01110010001000000011110001110011
01101001011110100110010100111110
00100000011000100111100101110100
01100101011100110000101000000000
00100000001000000010000000100000
01100101001000000010000000100000
00100000001000000010000000100000
00100000001000000010000000100000
00100000001000000010000000100000
00100000001000000010000000111010
00100000010001010111001001100001
01110011011001010010000001100101
01111000011101000110010101110010
01101110011000010110110000100000
01101101011001010110110101101111
01110010011110010000101000000000
00100000001000000010000000100000
01100110001000000010000000100000
00100000001000000010000000100000
00100000001000000010000000100000
00100000001000000010000000100000
00100000001000000010000000111010
00100000010001100110110001110101
01110011011010000010000001100100
01100001011101000110000100100000
01100011011000010110001101101000
01100101000010100000000000000000
00100000001000000010000000100000
01101001001000000010000000100000
00100000001000000010000000100000
00100000001000000010000000100000
00100000001000000010000000100000
00100000001000000010000000111010
00100000010010010110111001110110
01100001011011000110100101100100
01100001011101000110010100100000
01101001011011100111001101110100
01110010011101010110001101110100
01101001011011110110111000100000
01100001011011100110010000100000
01100100011000010111010001100001
00100000011000110110000101100011
01101000011001010111001100001010
00000000000000000000000000000000
00100000001000000010000000100000
01101010001000000011110001100001
01100100011001000111001001100101
01110011011100110011111000100000
00100000001000000010000000100000
00100000001000000010000000111010
00100000010010100111010101101101
01110000001000000111010001101111
00100000001111000110000101100100
01100100011100100110010101110011
01110011001111100000101000000000
00100000001000000010000000100000
01101101001000000010000000100000
00100000001000000010000000100000
00100000001000000010000000100000
00100000001000000010000000100000
00100000001000000010000000111010
00100000010100100110010101100001
01100100001000000101001101100101
01100011011100100110010101110100
01000010011011000110000101111010
01100101001001110111001100100000
01001101010100110101001000001010
00000000000000000000000000000000
00100000001000000010000000100000
01110010001000000011110001100001
01100100011001000111001001100101
01110011011100110011111000100000
00100000001000000010000000100000
00100000001000000010000000111010
00100000010100100110010101100001
01100100001000000110110101100101
01101101011011110111001001111001
00100000011000010111010000100000
00111100011000010110010001100100
01110010011001010111001101110011
00111110000010100000000000000000
00100000001000000010000000100000
01110011001000000011110001100001
01100100011001000111001001100101
01110011011100110011111000100000
00100000001000000010000000100000
00100000001000000010000000111010
00100000010011000110111101100001
01100100001000000010111001110011
01100010011100100010000001110100
01101111001000000011110001100001
01100100011001000111001001100101
01110011011100110011111000001010
00000000000000000000000000000000
00100000001000000010000000100000
01110111001000000011110001100001
01100100011001000111001001100101
01110011011100110011111000100000
00111100011001000110000101110100
01100001001111100010000000111010
00100000010101110111001001101001
01110100011001010010000000111100
01100100011000010111010001100001
00111110001000000110100101101110
01110100011011110010000001110100
01101000011001010010000001101101
01100101011011010110111101110010
01111001001000000110000101110100
00100000001111000110000101100100
01100100011100100110010101110011
01110011001111100000101000000000
00100000001000000010000000100000
00101101000010100000000000000000
00100000001000000010000000100000
01111010001000000010000000100000
00100000001000000010000000100000
00100000001000000010000000100000
00100000001000000010000000100000
00100000001000000010000000111010
00100000010011000110111101100001
01100100001000000010111001110011
01100010011100100010000001110100
01101111001000000100001101000001
01000011010010000100010101000001
01000010010011000100010101011111
01001101010001010100110101001111
01010010010110010101111101000010
01000001010100110100010101011111
01000001010001000100010001010010
01000101010100110101001100100000
01110100011010000110010101101110
00100000011010100111010101101101
01110000000010100000000000000000
00100000001000000011111000100000
00000000000000000000000000000000
01000001011001000110010001110010
01100101011100110111001100100000
01101101011101010111001101110100
00100000011000100110010100100000
00110011001100100010110101100010
01101001011101000010000001100001
01101100011010010110011101101110
01100101011001000000101000000000
01000001011001000110010001110010
01100101011100110111001100111010
00100000001100000111100000100101
00110000001110000111100000100000
01000100011000010111010001100001
00111010001000000011000001111000
00100101001100000011100001111000
00100000010000010101001101000011
01001001010010010011101000100101
01100011001001010110001100100101
01100011001001010110001100001010
00000000000000000000000000000000
01000101011100100110000101110011
01101001011011100110011100100000
01100101011110000111010001100101
01110010011011100110000101101100
00100000011011010110010101101101
01101111011100100111100100101110
00101110001011100000000000000000
01000110011011000111010101110011
01101000011010010110111001100111
00100000011001000110000101110100
01100001001000000110001101100001
01100011011010000110010100101110
00101110001011100000000000000000
01010011011101000110000101110010
01110100011010010110111001100111
00100000011101000110100001100101
00100000011100000111001001101111
01100111011100100110000101101101
00101110001011100010111000001010
00000000000000000000000000000000
01010010011001010110000101100100
01101001011011100110011100100000
01001101010100110101001000101110
00101110001011100000101000000000
00100000001000000100001101000011
00100000001000000110011001101100
01100001011001110011101000100000
00100101011110000000101000000000
00100000001000000100010001011010
01001111001000000110011001101100
01100001011001110011101000100000
00100101011110000000101000000000
00100000001000000100001100100000
00100000001000000110011001101100
01100001011001110011101000100000
00100101011110000000101000000000
00100000001000000100100101000101
00100000001000000110011001101100
01100001011001110011101000100000
00100101011110000000101000000000
00100101011001000010000001100010
01111001011101000110010101110011
00100000011000110110111101110000
01101001011001010110010000001010
00000000000000000000000000000000
01000011011010000110010101100011
01101011011010010110111001100111
00100000011000110110100001100101
01100011011010110111001101110101
01101101001011100010111000101110
00000000000000000000000000000000
00100000011001010111001001110010
01101111011100100000101000000000
01001001011011100111011001100001
01101100011010010110010000100000
01100011011011110110110101101101
01100001011011100110010000001010
00000000000000000000000000000000
00000000000000000000111000011100
00000000000000000000111101001000
00000000000000000000111110000000
00000000000000000000111000001100
00000000000000000000111000001100
00000000000000000000111110111000
00000000000000000001000000011100
00000000000000000000111000001100
00000000000000000000111000001100
00000000000000000001000001010000
00000000000000000000111000001100
00000000000000000000111000001100
00000000000000000000111000001100
00000000000000000000111000001100
00000000000000000001000010100000
00000000000000000001000110001000
00000000000000000000111000001100
00000000000000000000111000001100
00000000000000000000111000001100
00000000000000000001001011100000
00000000000000000000111000001100
00000000000000000000111000001100
00000000000000000001001110111000
01000110010100000100011101000001
00101101010100110101000001000001
01010010010101000100000101001110
00110011000000000000000000000000
01010011011001010110001101110010
01100101011101000100001001101100
01100001011110100110010100100000
01110110001100010010111000110110
00110110000000000000000000000000
00000000000000000000000000000000
01110111000001110011000010010110
11101110000011100110000100101100
10011001000010010101000110111010
00000111011011011100010000011001
01110000011010101111010010001111
11101001011000111010010100110101
10011110011001001001010110100011
00001110110110111000100000110010
01111001110111001011100010100100
11100000110101011110100100011110
10010111110100101101100110001000
00001001101101100100110000101011
01111110101100010111110010111101
11100111101110000010110100000111
10010000101111110001110110010001
00011101101101110001000001100100
01101010101100000010000011110010
11110011101110010111000101001000
10000100101111100100000111011110
00011010110110101101010001111101
01101101110111011110010011101011
11110100110101001011010101010001
10000011110100111000010111000111
00010011011011001001100001010110
01100100011010111010100011000000
11111101011000101111100101111010
10001010011001011100100111101100
00010100000000010101110001001111
01100011000001100110110011011001
11111010000011110011110101100011
10001101000010000000110111110101
00111011011011100010000011001000
01001100011010010001000001011110
11010101011000000100000111100100
10100010011001110111000101110010
00111100000000111110010011010001
01001011000001001101010001000111
11010010000011011000010111111101
10100101000010101011010101101011
00110101101101011010100011111010
01000010101100101001100001101100
11011011101110111100100111010110
10101100101111001111100101000000
00110010110110000110110011100011
01000101110111110101110001110101
11011100110101100000110111001111
10101011110100010011110101011001
00100110110110010011000010101100
01010001110111100000000000111010
11001000110101110101000110000000
10111111110100000110000100010110
00100001101101001111010010110101
01010110101100111100010000100011
11001111101110101001010110011001
10111000101111011010010100001111
00101000000000101011100010011110
01011111000001011000100000001000
11000110000011001101100110110010
10110001000010111110100100100100
00101111011011110111110010000111
01011000011010000100110000010001
11000001011000010001110110101011
10110110011001100010110100111101
01110110110111000100000110010000
00000001110110110111000100000110
10011000110100100010000010111100
11101111110101010001000000101010
01110001101100011000010110001001
00000110101101101011010100011111
10011111101111111110010010100101
11101000101110001101010000110011
01111000000001111100100110100010
00001111000000001111100100110100
10010110000010011010100010001110
11100001000011101001100000011000
01111111011010100000110110111011
00001000011011010011110100101101
10010001011001000110110010010111
11100110011000110101110000000001
01101011011010110101000111110100
00011100011011000110000101100010
10000101011001010011000011011000
11110010011000100000000001001110
01101100000001101001010111101101
00011011000000011010010101111011
10000010000010001111010011000001
11110101000011111100010001010111
01100101101100001101100111000110
00010010101101111110100101010000
10001011101111101011100011101010
11111100101110011000100001111100
01100010110111010001110111011111
00010101110110100010110101001001
10001100110100110111110011110011
11111011110101000100110001100101
01001101101100100110000101011000
00111010101101010101000111001110
10100011101111000000000001110100
11010100101110110011000011100010
01001010110111111010010101000001
00111101110110001001010111010111
10100100110100011100010001101101
11010011110101101111010011111011
01000011011010011110100101101010
00110100011011101101100111111100
10101101011001111000100001000110
11011010011000001011100011010000
01000100000001000010110101110011
00110011000000110001110111100101
10101010000010100100110001011111
11011101000011010111110011001001
01010000000001010111000100111100
00100111000000100100000110101010
10111110000010110001000000010000
11001001000011000010000010000110
01010111011010001011010100100101
00100000011011111000010110110011
10111001011001101101010000001001
11001110011000011110010010011111
01011110110111101111100100001110
00101001110110011100100110011000
10110000110100001001100000100010
11000111110101111010100010110100
01011001101100110011110100010111
00101110101101000000110110000001
10110111101111010101110000111011
11000000101110100110110010101101
11101101101110001000001100100000
10011010101111111011001110110110
00000011101101101110001000001100
01110100101100011101001010011010
11101010110101010100011100111001
10011101110100100111011110101111
00000100110110110010011000010101
01110011110111000001011010000011
11100011011000110000101100010010
10010100011001000011101110000100
00001101011011010110101000111110
01111010011010100101101010101000
11100100000011101100111100001011
10010011000010011111111110011101
00001010000000001010111000100111
01111101000001111001111010110001
11110000000011111001001101000100
10000111000010001010001111010010
00011110000000011111001001101000
01101001000001101100001011111110
11110111011000100101011101011101
10000000011001010110011111001011
00011001011011000011011001110001
01101110011010110000011011100111
11111110110101000001101101110110
10001001110100110010101111100000
00010000110110100111101001011010
01100111110111010100101011001100
11111001101110011101111101101111
10001110101111101110111111111001
00010111101101111011111001000011
01100000101100001000111011010101
11010110110101101010001111101000
10100001110100011001001101111110
00111000110110001100001011000100
01001111110111111111001001010010
11010001101110110110011111110001
10100110101111000101011101100111
00111111101101010000011011011101
01001000101100100011011001001011
11011000000011010010101111011010
10101111000010100001101101001100
00110110000000110100101011110110
01000001000001000111101001100000
11011111011000001110111111000011
10101000011001111101111101010101
00110001011011101000111011101111
01000110011010011011111001111001
11001011011000011011001110001100
10111100011001101000001100011010
00100101011011111101001010100000
01010010011010001110001000110110
11001100000011000111011110010101
10111011000010110100011100000011
00100010000000100001011010111001
01010101000001010010011000101111
11000101101110100011101110111110
10110010101111010000101100101000
00101011101101000101101010010010
01011100101100110110101000000100
11000010110101111111111110100111
10110101110100001100111100110001
00101100110110011001111010001011
01011011110111101010111000011101
10011011011001001100001010110000
11101100011000111111001000100110
01110101011010101010001110011100
00000010011011011001001100001010
10011100000010010000011010101001
11101011000011100011011000111111
01110010000001110110011110000101
00000101000000000101011100010011
10010101101111110100101010000010
11100010101110000111101000010100
01111011101100010010101110101110
00001100101101100001101100111000
10010010110100101000111010011011
11100101110101011011111000001101
01111100110111001110111110110111
00001011110110111101111100100001
10000110110100111101001011010100
11110001110101001110001001000010
01101000110111011011001111111000
00011111110110101000001101101110
10000001101111100001011011001101
11110110101110010010011001011011
01101111101100000111011111100001
00011000101101110100011101110111
10001000000010000101101011100110
11111111000011110110101001110000
01100110000001100011101111001010
00010001000000010000101101011100
10001111011001011001111011111111
11111000011000101010111001101001
01100001011010111111111111010011
00010110011011001100111101000101
10100000000010101110001001111000
11010111000011011101001011101110
01001110000001001000001101010100
00111001000000111011001111000010
10100111011001110010011001100001
11010000011000000001011011110111
01001001011010010100011101001101
00111110011011100111011111011011
10101110110100010110101001001010
11011001110101100101101011011100
01000000110111110000101101100110
00110111110110000011101111110000
10101001101111001010111001010011
11011110101110111001111011000101
01000111101100101100111101111111
00110000101101011111111111101001
10111101101111011111001000011100
11001010101110101100001010001010
01010011101100111001001100110000
00100100101101001010001110100110
10111010110100000011011000000101
11001101110101110000011010010011
01010100110111100101011100101001
00100011110110010110011110111111
10110011011001100111101000101110
11000100011000010100101010111000
01011101011010000001101100000010
00101010011011110010101110010100
10110100000010111011111000110111
11000011000011001000111010100001
01011010000001011101111100011011
00101101000000101110111110001101
00000000000000000010100110111000
01000011000000000000000000000000
00000000000000000000000000000000
00000000000000000000000000000000
00000000000000000010101010111000
00000000000000000010100110111000
00000000000000000000000000000000
00000000000000000000000000000000
00000000000000000000000000000000
00000000000000000000000000000000
00000000000000000000000000000000
00000000000000000000000000000000
00000000000000000000000000000000
00000000000000000000000000000000
00000000000000000010100110100100
00000000000000000000000000000000
00000000000000000000000000000000
00000000000000000000000000000000
00000000000000000000000000000000
00000000000000000000000000000000
00000000000000000000000000000000
00000000000000000000000000000000
00000000000000000000000000000000
00000000000000000000000000000000
00000000000000000000000000000000
00000000000000000000000000000000
00000000000000000000000000000000
00000000000000000000000000000000
00000000000000000000000000000000
00000000000000000000000000000000
00000000000000000000000000000000
00000000000000000000000000000000
00000000000000000000000000000000
00000000000000000000000000000000
00000000000000000000000000000000
00000000000000000000000000000000
00000000000000000000000000000000
00000000000000000000000000000000
00000000000000000000000000000000
00000000000000000000000000000000
00000000000000000000000000000000
00000000000000000000000000000000
00000000000000000000000000000000
00000000000000000000000000000000
00000000000000000000000000000000
00000000000000000000000000000000
00000000000000000000000000000000
00000000000000000000000000000000
00000000000000000000000000000000
00000000000000000000000000000000
00000000000000000000000000000000
00000000000000000000000000000000
00000000000000000000000000000000
00000000000000000000000000000000
00000000000000000000000000000000
00000000000000000000000000000000
00000000000000000000000000000000
00000000000000000000000000000000
00000000000000000000000000000000
00000000000000000000000000000000
00000000000000000000000000000000
00000000000000000000000000000000
00000000000000000000000000000000
00000000000000000000000000000000
00000000000000000000000000000000
00000000000000000000000000000000
00000000000000000000000000000000
11111111111111111111111111111111
00000000000000000000000000000000
11111111111111111111111111111111
00000000000000000000000000000000
00000000000000000000000000000000
00000000000000000000000000000000
00000000000000000000000000000000
00000000000000000000000000000000
00000000000000000000000000000000
00000000000000000000000000000000
00000000000000000000000000000000
00000000000000000000000000000000
00000000000000000000000000000000
00000000000000000000000000000000
00000000000000000000000000000000
00000000000000000000000000000000
00000000000000000000000000000000
00000000000000000000000000000000
00000000000000000000000000000000
00000000000000000000000000000000
00000000000000000000000000000000
00000000000000000000000000000000
00000000000000000000000000000000
00000000000000000000000000000000
00000000000000000000000000000000
00000000000000000000000000000000
00000000000000000000000000000000
00000000000000000000000000000000
00000000000000000000000000000000
00000000000000000000000000000000
00000000000000000000000000000000
00000000000000000000000000000000
00000000000000000000000000000000
00000000000000000000000000000000
00000000000000000000000000000000
00000000000000000000000000000000
00000000000000000000000000000000
00000000000000000000000000000000
00000000000000000000000000000000
00000000000000000000000000000000
00000000000000000000000000000000
00000000000000000000000000000000
00000000000000000000000000000000
00000000000000000000000000000000
00000000000000000000000000000000
00000000000000000000000000000000
00000000000000000000000000000000
00000000000000000000000000000000
00000000000000000000000000000000
00000000000000000000000000000000
00000000000000000000000000000000
00000000000000000000000000000000
00000000000000000000000000000000
00000000000000000000000000000000
00000000000000000000000000000000
00000000000000000000000000000000
00000000000000000000000000000000
00000000000000000000000000000000
00000000000000000000000000000000
00000000000000000000000000000000
00000000000000000000000000000000
00000000000000000000000000000000
00000000000000000000000000000000
00000000000000000000000000000000
00000000000000000000000000000000
00000000000000000000000000000000
00000000000000000000000000000000
00000000000000000000000000000000
00000000000000000000000000000000
00000000000000000000000000000000
00000000000000000000000000000000
00000000000000000000000000000000
00000000000000000000000000000000
00000000000000000000000000000000
00000000000000000000000000000000
00000000000000000000000000000000
00000000000000000000000000000000
00000000000000000000000000000000
00000000000000000000000000000000
00000000000000000000000000000000
00000000000000000000000000000000
00000000000000000000000000000000
00000000000000000000000000000000
00000000000000000000000000000000
00000000000000000000000000000000
00000000000000000000000000000000
00000000000000000000000000000000
00000000000000000000000000000000
00000000000000000000000000000000
00000000000000000000000000000000
00000000000000000000000000000000
00000000000000000000000000000000
00000000000000000000000000000000
00000000000000000000000000000000
00000000000000000000000000000000
00000000000000000000000000000000
00000000000000000000000000000000
00000000000000000000000000000000
00000000000000000000000000000000
00000000000000000000000000000000
00000000000000000000000000000000
00000000000000000000000000000000
00000000000000000000000000000000
00000000000000000000000000000000
00000000000000000000000000000000
00000000000000000000000000000000
00000000000000000000000000000000
00000000000000000000000000000000
00000000000000000000000000000000
00000000000000000000000000000000
00000000000000000000000000000000
00000000000000000000000000000000
00000000000000000000000000000000
00000000000000000000000000000000
00000000000000000000000000000000
00000000000000000000000000000000
00000000000000000000000000000000
00000000000000000000000000000000
00000000000000000000000000000000
00000000000000000000000000000000
00000000000000000000000000000000
00000000000000000000000000000000
00000000000000000000000000000000
00000000000000000000000000000000
00000000000000000000000000000000
00000000000000000000000000000000
00000000000000000000000000000000
00000000000000000000000000000000
00000000000000000000000000000000
00000000000000000000000000000000
00000000000000000000000000000000
00000000000000000000000000000000
00000000000000000000000000000000
00000000000000000000000000000000
00000000000000000000000000000000
00000000000000000000000000000000
00000000000000000000000000000000
00000000000000000000000000000000
00000000000000000000000000000000
00000000000000000000000000000000
00000000000000000000000000000000
00000000000000000000000000000000
00000000000000000000000000000000
00000000000000000000000000000000
00000000000000000000000000000000
00000000000000000000000000000000
00000000000000000000000000000000
00000000000000000000000000000000
00000000000000000000000000000000
00000000000000000000000000000000
00000000000000000000000000000000
00000000000000000000000000000000
00000000000000000000000000000000
00000000000000000000000000000000
00000000000000000000000000000000
00000000000000000000000000000000
00000000000000000000000000000000
00000000000000000000000000000000
00000000000000000000000000000000
00000000000000000000000000000000
00000000000000000000000000000000
00000000000000000000000000000000
00000000000000000000000000000000
00000000000000000000000000000000
00000000000000000000000000000000
00000000000000000000000000000000
00000000000000000000000000000000
00000000000000000000000000000000
00000000000000000000000000000000
00000000000000000000000000000000
00000000000000000000000000000000
00000000000000000000000000000000
00000000000000000000000000000000
00000000000000000000000000000000
00000000000000000000000000000000
00000000000000000000000000000000
00000000000000000000000000000000
00000000000000000000000000000000
00000000000000000000000000000000
00000000000000000000000000000000
00000000000000000000000000000000
00000000000000000000000000000000
00000000000000000000000000000000
00000000000000000000000000000000
00000000000000000000000000000000
00000000000000000000000000000000
00000000000000000000000000000000
00000000000000000000000000000000
00000000000000000000000000000000
00000000000000000000000000000000
00000000000000000000000000000000
00000000000000000000000000000000
00000000000000000000000000000000
00000000000000000000000000000000
00000000000000000000000000000000
00000000000000000000000000000000
00000000000000000000000000000000
00000000000000000000000000000000
00000000000000000000000000000000
00000000000000000000000000000000
00000000000000000000000000000000
00000000000000000000000000000000
00000000000000000000000000000000
00000000000000000000000000000000
00000000000000000000000000000000
00000000000000000000000000000000
00000000000000000000000000000000
00000000000000000000000000000000
00000000000000000000000000000000
00000000000000000000000000000000
00000000000000000000000000000000
00000000000000000000000000000000
00000000000000000000000000000000
00000000000000000000000000000000
00000000000000000000000000000000
00000000000000000000000000000000
00000000000000000000000000000000
00000000000000000000000000000000
00000000000000000000000000000000
00000000000000000000000000000000
00000000000000000000000000000000
00000000000000000000000000000000
00000000000000000000000000000000
00000000000000000000000000000000
00000000000000000000000000000000
00000000000000000000000000000000
00000000000000000000000000000000
00000000000000000000000000000000
00000000000000000000000000000000
00000000000000000000000000000000
00000000000000000000000000000000
00000000000000000000000000000000
00000000000000000000000000000000
00000000000000000000000000000000
00000000000000000000000000000000
00000000000000000000000000000000
00000000000000000000000000000000
00000000000000000000000000000000
00000000000000000000000000000000
00000000000000000000000000000000
00000000000000000000000000000000
00000000000000000000000000000000
00000000000000000000000000000000
00000000000000000000000000000000
00000000000000000000000000000000
00000000000000000000000000000000
00000000000000000000000000000000
00000000000000000000000000000000
00000000000000000000000000000000
00000000000000000000000000000000
00000000000000000000000000000000
00000000000000000000000000000000
00000000000000000000000000000000
00000000000000000000000000000000
00000000000000000000000000000000
00000000000000000000000000000000
00000000000000000000000000000000
00000000000000000000000000000000
00000000000000000000000000000000
00000000000000000000000000000000
00000000000000000000000000000000
00000000000000000000000000000000
00000000000000000000000000000000
00000000000000000000000000000000
00000000000000000000000000000000
00000000000000000000000000000000
00000000000000000000000000000000
00000000000000000000000000000000
00000000000000000000000000000000
00000000000000000000000000000000
00000000000000000000000000000000
00000000000000000000000000000000
00000000000000000000000000000000
00000000000000000000000000000000
00000000000000000000000000000000
00000000000000000000000000000000
00000000000000000000000000000000
00000000000000000000000000000000
00000000000000000000000000000000
00000000000000000000000000000000
00000000000000000000000000000000
00000000000000000000000000000000
00000000000000000000000000000000
00000000000000000000000000000000
00000000000000000000000000000000
00000000000000000000000000000000
00000000000000000000000000000000
00000000000000000000000000000000
00000000000000000000000000000000
00000000000000000000000000000000
00000000000000000000000000000000
00000000000000000000000000000000
00000000000000000000000000000000
00000000000000000000000000000000
00000000000000000000000000000000
00000000000000000000000000000000
00000000000000000000000000000000
00000000000000000000000000000000
00000000000000000000000000000000
00000000000000000000000000000000
00000000000000000000000000000000
00000000000000000000000000000000
00000000000000000000000000000000
00000000000000000000000000000000
00000000000000000000000000000000
00000000000000000000000000000000
00000000000000000000000000000000
00000000000000000000000000000000
00000000000000000000000000000000
00000000000000000000000000000000
00000000000000000000000000000000
00000000000000000000000000000000
00000000000000000000000000000000
00000000000000000000000000000000
00000000000000000000000000000000
00000000000000000000000000000000
00000000000000000000000000000000
00000000000000000000000000000000
00000000000000000000000000000000
00000000000000000000000000000000
00000000000000000000000000000000
00000000000000000000000000000000
00000000000000000000000000000000
00000000000000000000000000000000
00000000000000000000000000000000
00000000000000000000000000000000
00000000000000000000000000000000
00000000000000000000000000000000
00000000000000000000000000000000
00000000000000000000000000000000
00000000000000000000000000000000
00000000000000000000000000000000
00000000000000000000000000000000
00000000000000000000000000000000
00000000000000000000000000000000
00000000000000000000000000000000
00000000000000000000000000000000
00000000000000000000000000000000
00000000000000000000000000000000
00000000000000000000000000000000
00000000000000000000000000000000
00000000000000000000000000000000
00000000000000000000000000000000
00000000000000000000000000000000
00000000000000000000000000000000
00000000000000000000000000000000
00000000000000000000000000000000
00000000000000000000000000000000
00000000000000000000000000000000
00000000000000000000000000000000
00000000000000000000000000000000
00000000000000000000000000000000
00000000000000000000000000000000
00000000000000000000000000000000
00000000000000000000000000000000
00000000000000000000000000000000
00000000000000000000000000000000
00000000000000000000000000000000
00000000000000000000000000000000
00000000000000000000000000000000
00000000000000000000000000000000
00000000000000000000000000000000
00000000000000000000000000000000
00000000000000000000000000000000
00000000000000000000000000000000
00000000000000000000000000000000
00000000000000000000000000000000
00000000000000000000000000000000
00000000000000000000000000000000
00000000000000000000000000000000
00000000000000000000000000000000
00000000000000000000000000000000
00000000000000000000000000000000
00000000000000000000000000000000
00000000000000000000000000000000
00000000000000000000000000000000
00000000000000000000000000000000
00000000000000000000000000000000
00000000000000000000000000000000
00000000000000000000000000000000
00000000000000000000000000000000
00000000000000000000000000000000
00000000000000000000000000000000
00000000000000000000000000000000
00000000000000000000000000000000
00000000000000000000000000000000
00000000000000000000000000000000
00000000000000000000000000000000
00000000000000000000000000000000
00000000000000000000000000000000
00000000000000000000000000000000
00000000000000000000000000000000
00000000000000000000000000000000
00000000000000000000000000000000
00000000000000000000000000000000
00000000000000000000000000000000
00000000000000000000000000000000
00000000000000000000000000000000
00000000000000000000000000000000
00000000000000000000000000000000
00000000000000000000000000000000
00000000000000000000000000000000
00000000000000000000000000000000
00000000000000000000000000000000
00000000000000000000000000000000
00000000000000000000000000000000
00000000000000000000000000000000
00000000000000000000000000000000
00000000000000000000000000000000
00000000000000000000000000000000
00000000000000000000000000000000
00000000000000000000000000000000
00000000000000000000000000000000
00000000000000000000000000000000
00000000000000000000000000000000
00000000000000000000000000000000
00000000000000000000000000000000
00000000000000000000000000000000
00000000000000000000000000000000
00000000000000000000000000000000
00000000000000000000000000000000
00000000000000000000000000000000
00000000000000000000000000000000
00000000000000000000000000000000
00000000000000000000000000000000
00000000000000000000000000000000
00000000000000000000000000000000
00000000000000000000000000000000
00000000000000000000000000000000
00000000000000000000000000000000
00000000000000000000000000000000
00000000000000000000000000000000
00000000000000000000000000000000
00000000000000000000000000000000
00000000000000000000000000000000
00000000000000000000000000000000
00000000000000000000000000000000
00000000000000000000000000000000
00000000000000000000000000000000
00000000000000000000000000000000
00000000000000000000000000000000
00000000000000000000000000000000
00000000000000000000000000000000
00000000000000000000000000000000
00000000000000000000000000000000
00000000000000000000000000000000
00000000000000000000000000000000
00000000000000000000000000000000
00000000000000000000000000000000
00000000000000000000000000000000
00000000000000000000000000000000
00000000000000000000000000000000
00000000000000000000000000000000
00000000000000000000000000000000
00000000000000000000000000000000
00000000000000000000000000000000
00000000000000000000000000000000
00000000000000000000000000000000
00000000000000000000000000000000
00000000000000000000000000000000
00000000000000000000000000000000
00000000000000000000000000000000
00000000000000000000000000000000
00000000000000000000000000000000
00000000000000000000000000000000
00000000000000000000000000000000
00000000000000000000000000000000
00000000000000000000000000000000
00000000000000000000000000000000
00000000000000000000000000000000
00000000000000000000000000000000
00000000000000000000000000000000
00000000000000000000000000000000
00000000000000000000000000000000
00000000000000000000000000000000
00000000000000000000000000000000
00000000000000000000000000000000
00000000000000000000000000000000
00000000000000000000000000000000
00000000000000000000000000000000
00000000000000000000000000000000
00000000000000000000000000000000
00000000000000000000000000000000
00000000000000000000000000000000
00000000000000000000000000000000
00000000000000000000000000000000
00000000000000000000000000000000
00000000000000000000000000000000
00000000000000000000000000000000
00000000000000000000000000000000
00000000000000000000000000000000
00000000000000000000000000000000
00000000000000000000000000000000
00000000000000000000000000000000
00000000000000000000000000000000
00000000000000000000000000000000
00000000000000000000000000000000
00000000000000000000000000000000
00000000000000000000000000000000
00000000000000000000000000000000
00000000000000000000000000000000
00000000000000000000000000000000
00000000000000000000000000000000
00000000000000000000000000000000
00000000000000000000000000000000
00000000000000000000000000000000
00000000000000000000000000000000
00000000000000000000000000000000
00000000000000000000000000000000
00000000000000000000000000000000
00000000000000000000000000000000
00000000000000000000000000000000
00000000000000000000000000000000
00000000000000000000000000000000
00000000000000000000000000000000
00000000000000000000000000000000
00000000000000000000000000000000
00000000000000000000000000000000
00000000000000000000000000000000
00000000000000000000000000000000
00000000000000000000000000000000
00000000000000000000000000000000
00000000000000000000000000000000
00000000000000000000000000000000
00000000000000000000000000000000
00000000000000000000000000000000
00000000000000000000000000000000
00000000000000000000000000000000
00000000000000000000000000000000
00000000000000000000000000000000
00000000000000000000000000000000
00000000000000000000000000000000
00000000000000000000000000000000
00000000000000000000000000000000
00000000000000000000000000000000
00000000000000000000000000000000
00000000000000000000000000000000
00000000000000000000000000000000
00000000000000000000000000000000
00000000000000000000000000000000
00000000000000000000000000000000
00000000000000000000000000000000
00000000000000000000000000000000
00000000000000000000000000000000
00000000000000000000000000000000
00000000000000000000000000000000
00000000000000000000000000000000
00000000000000000000000000000000
00000000000000000000000000000000
00000000000000000000000000000000
00000000000000000000000000000000
00000000000000000000000000000000
00000000000000000000000000000000
00000000000000000000000000000000
00000000000000000000000000000000
00000000000000000000000000000000
00000000000000000000000000000000
00000000000000000000000000000000
00000000000000000000000000000000
00000000000000000000000000000000
00000000000000000000000000000000
00000000000000000000000000000000
00000000000000000000000000000000
00000000000000000000000000000000
00000000000000000000000000000000
00000000000000000000000000000000
00000000000000000000000000000000
00000000000000000000000000000000
00000000000000000000000000000000
00000000000000000000000000000000
00000000000000000000000000000000
00000000000000000000000000000000
00000000000000000000000000000000
00000000000000000000000000000000
00000000000000000000000000000000
00000000000000000000000000000000
00000000000000000000000000000000
00000000000000000000000000000000
00000000000000000000000000000000
00000000000000000000000000000000
00000000000000000000000000000000
00000000000000000000000000000000
00000000000000000000000000000000
00000000000000000000000000000000
00000000000000000000000000000000
00000000000000000000000000000000
00000000000000000000000000000000
00000000000000000000000000000000
00000000000000000000000000000000
00000000000000000000000000000000
00000000000000000000000000000000
00000000000000000000000000000000
00000000000000000000000000000000
00000000000000000000000000000000
00000000000000000000000000000000
00000000000000000000000000000000
00000000000000000000000000000000
00000000000000000000000000000000
00000000000000000000000000000000
00000000000000000000000000000000
00000000000000000000000000000000
00000000000000000000000000000000
00000000000000000000000000000000
00000000000000000000000000000000
00000000000000000000000000000000
00000000000000000000000000000000
00000000000000000000000000000000
00000000000000000000000000000000
00000000000000000000000000000000
00000000000000000000000000000000
00000000000000000000000000000000
00000000000000000000000000000000
00000000000000000000000000000000
00000000000000000000000000000000
00000000000000000000000000000000
00000000000000000000000000000000
00000000000000000000000000000000
00000000000000000000000000000000
00000000000000000000000000000000
00000000000000000000000000000000
00000000000000000000000000000000
00000000000000000000000000000000
00000000000000000000000000000000
00000000000000000000000000000000
00000000000000000000000000000000
00000000000000000000000000000000
00000000000000000000000000000000
00000000000000000000000000000000
00000000000000000000000000000000
00000000000000000000000000000000
00000000000000000000000000000000
00000000000000000000000000000000
00000000000000000000000000000000
00000000000000000000000000000000
00000000000000000000000000000000
00000000000000000000000000000000
00000000000000000000000000000000
00000000000000000000000000000000
00000000000000000000000000000000
00000000000000000000000000000000
00000000000000000000000000000000
00000000000000000000000000000000
00000000000000000000000000000000
00000000000000000000000000000000
00000000000000000000000000000000
00000000000000000000000000000000
00000000000000000000000000000000
00000000000000000000000000000000
00000000000000000000000000000000
00000000000000000000000000000000
00000000000000000000000000000000
00000000000000000000000000000000
00000000000000000000000000000000
00000000000000000000000000000000
00000000000000000000000000000000
00000000000000000000000000000000
00000000000000000000000000000000
00000000000000000000000000000000
00000000000000000000000000000000
00000000000000000000000000000000
00000000000000000000000000000000
00000000000000000000000000000000
00000000000000000000000000000000
00000000000000000000000000000000
00000000000000000000000000000000
00000000000000000000000000000000
00000000000000000000000000000000
00000000000000000000000000000000
00000000000000000000000000000000
00000000000000000000000000000000
00000000000000000000000000000000
00000000000000000000000000000000
00000000000000000000000000000000
00000000000000000000000000000000
00000000000000000000000000000000
00000000000000000000000000000000
00000000000000000000000000000000
00000000000000000000000000000000
00000000000000000000000000000000
00000000000000000000000000000000
00000000000000000000000000000000
00000000000000000000000000000000
00000000000000000000000000000000
00000000000000000000000000000000
00000000000000000000000000000000
00000000000000000000000000000000
00000000000000000000000000000000
00000000000000000000000000000000
00000000000000000000000000000000
00000000000000000000000000000000
00000000000000000000000000000000
00000000000000000000000000000000
00000000000000000000000000000000
00000000000000000000000000000000
00000000000000000000000000000000
00000000000000000000000000000000
00000000000000000000000000000000
00000000000000000000000000000000
00000000000000000000000000000000
00000000000000000000000000000000
00000000000000000000000000000000
00000000000000000000000000000000
00000000000000000000000000000000
00000000000000000000000000000000
00000000000000000000000000000000
00000000000000000000000000000000
00000000000000000000000000000000
00000000000000000000000000000000
00000000000000000000000000000000
00000000000000000000000000000000
00000000000000000000000000000000
00000000000000000000000000000000
00000000000000000000000000000000
00000000000000000000000000000000
00000000000000000000000000000000
00000000000000000000000000000000
00000000000000000000000000000000
00000000000000000000000000000000
00000000000000000000000000000000
00000000000000000000000000000000
00000000000000000000000000000000
00000000000000000000000000000000
00000000000000000000000000000000
00000000000000000000000000000000
00000000000000000000000000000000
00000000000000000000000000000000
00000000000000000000000000000000
00000000000000000000000000000000
00000000000000000000000000000000
00000000000000000000000000000000
00000000000000000000000000000000
00000000000000000000000000000000
00000000000000000000000000000000
00000000000000000000000000000000
00000000000000000000000000000000
00000000000000000000000000000000
00000000000000000000000000000000
00000000000000000000000000000000
00000000000000000000000000000000
00000000000000000000000000000000
00000000000000000000000000000000
00000000000000000000000000000000
00000000000000000000000000000000
00000000000000000000000000000000
00000000000000000000000000000000
00000000000000000000000000000000
00000000000000000000000000000000
00000000000000000000000000000000
00000000000000000000000000000000
00000000000000000000000000000000
00000000000000000000000000000000
00000000000000000000000000000000
00000000000000000000000000000000
00000000000000000000000000000000
00000000000000000000000000000000
00000000000000000000000000000000
00000000000000000000000000000000
00000000000000000000000000000000
00000000000000000000000000000000
00000000000000000000000000000000
00000000000000000000000000000000
00000000000000000000000000000000
00000000000000000000000000000000
00000000000000000000000000000000
00000000000000000000000000000000
00000000000000000000000000000000
00000000000000000000000000000000
00000000000000000000000000000000
00000000000000000000000000000000
00000000000000000000000000000000
00000000000000000000000000000000
00000000000000000000000000000000
00000000000000000000000000000000
00000000000000000000000000000000
00000000000000000000000000000000
00000000000000000000000000000000
00000000000000000000000000000000
00000000000000000000000000000000
00000000000000000000000000000000
00000000000000000000000000000000
00000000000000000000000000000000
00000000000000000000000000000000
00000000000000000000000000000000
00000000000000000000000000000000
00000000000000000000000000000000
00000000000000000000000000000000
00000000000000000000000000000000
00000000000000000000000000000000
00000000000000000000000000000000
00000000000000000000000000000000
00000000000000000000000000000000
00000000000000000000000000000000
00000000000000000000000000000000
00000000000000000000000000000000
00000000000000000000000000000000
00000000000000000000000000000000
00000000000000000000000000000000
00000000000000000000000000000000
00000000000000000000000000000000
00000000000000000000000000000000
00000000000000000000000000000000
00000000000000000000000000000000
00000000000000000000000000000000
00000000000000000000000000000000
00000000000000000000000000000000
00000000000000000000000000000000
00000000000000000000000000000000
00000000000000000000000000000000
00000000000000000000000000000000
00000000000000000000000000000000
00000000000000000000000000000000
00000000000000000000000000000000
00000000000000000000000000000000
00000000000000000000000000000000
00000000000000000000000000000000
00000000000000000000000000000000
00000000000000000000000000000000
00000000000000000000000000000000
00000000000000000000000000000000
00000000000000000000000000000000
00000000000000000000000000000000
00000000000000000000000000000000
00000000000000000000000000000000
00000000000000000000000000000000
00000000000000000000000000000000
00000000000000000000000000000000
00000000000000000000000000000000
00000000000000000000000000000000
00000000000000000000000000000000
00000000000000000000000000000000
00000000000000000000000000000000
00000000000000000000000000000000
00000000000000000000000000000000
00000000000000000000000000000000
00000000000000000000000000000000
00000000000000000000000000000000
00000000000000000000000000000000
00000000000000000000000000000000
00000000000000000000000000000000
00000000000000000000000000000000
00000000000000000000000000000000
00000000000000000000000000000000
00000000000000000000000000000000
00000000000000000000000000000000
00000000000000000000000000000000
00000000000000000000000000000000
00000000000000000000000000000000
00000000000000000000000000000000
00000000000000000000000000000000
00000000000000000000000000000000
00000000000000000000000000000000
00000000000000000000000000000000
00000000000000000000000000000000
00000000000000000000000000000000
00000000000000000000000000000000
00000000000000000000000000000000
00000000000000000000000000000000
00000000000000000000000000000000
00000000000000000000000000000000
00000000000000000000000000000000
00000000000000000000000000000000
00000000000000000000000000000000
00000000000000000000000000000000
00000000000000000000000000000000
00000000000000000000000000000000
00000000000000000000000000000000
00000000000000000000000000000000
00000000000000000000000000000000
00000000000000000000000000000000
00000000000000000000000000000000
00000000000000000000000000000000
00000000000000000000000000000000
00000000000000000000000000000000
00000000000000000000000000000000
00000000000000000000000000000000
00000000000000000000000000000000
00000000000000000000000000000000
00000000000000000000000000000000
00000000000000000000000000000000
00000000000000000000000000000000
00000000000000000000000000000000
00000000000000000000000000000000
00000000000000000000000000000000
00000000000000000000000000000000
00000000000000000000000000000000
00000000000000000000000000000000
00000000000000000000000000000000
00000000000000000000000000000000
00000000000000000000000000000000
00000000000000000000000000000000
00000000000000000000000000000000
00000000000000000000000000000000
00000000000000000000000000000000
00000000000000000000000000000000
00000000000000000000000000000000
00000000000000000000000000000000
00000000000000000000000000000000
00000000000000000000000000000000
00000000000000000000000000000000
00000000000000000000000000000000
00000000000000000000000000000000
00000000000000000000000000000000
00000000000000000000000000000000
00000000000000000000000000000000
00000000000000000000000000000000
00000000000000000000000000000000
00000000000000000000000000000000
00000000000000000000000000000000
00000000000000000000000000000000
00000000000000000000000000000000
00000000000000000000000000000000
00000000000000000000000000000000
00000000000000000000000000000000
00000000000000000000000000000000
00000000000000000000000000000000
00000000000000000000000000000000
00000000000000000000000000000000
00000000000000000000000000000000
00000000000000000000000000000000
00000000000000000000000000000000
00000000000000000000000000000000
00000000000000000000000000000000
00000000000000000000000000000000
00000000000000000000000000000000
00000000000000000000000000000000
00000000000000000000000000000000
00000000000000000000000000000000
00000000000000000000000000000000
00000000000000000000000000000000
00000000000000000000000000000000
00000000000000000000000000000000
00000000000000000000000000000000
00000000000000000000000000000000
00000000000000000000000000000000
00000000000000000000000000000000
00000000000000000000000000000000
00000000000000000000000000000000
00000000000000000000000000000000
00000000000000000000000000000000
00000000000000000000000000000000
00000000000000000000000000000000
00000000000000000000000000000000
00000000000000000000000000000000
00000000000000000000000000000000
00000000000000000000000000000000
00000000000000000000000000000000
00000000000000000000000000000000
00000000000000000000000000000000
00000000000000000000000000000000
00000000000000000000000000000000
00000000000000000000000000000000
00000000000000000000000000000000
00000000000000000000000000000000
00000000000000000000000000000000
00000000000000000000000000000000
00000000000000000000000000000000
00000000000000000000000000000000
00000000000000000000000000000000
00000000000000000000000000000000
00000000000000000000000000000000
00000000000000000000000000000000
00000000000000000000000000000000
00000000000000000000000000000000
00000000000000000000000000000000
00000000000000000000000000000000
00000000000000000000000000000000
00000000000000000000000000000000
00000000000000000000000000000000
00000000000000000000000000000000
00000000000000000000000000000000
00000000000000000000000000000000
00000000000000000000000000000000
00000000000000000000000000000000
00000000000000000000000000000000
00000000000000000000000000000000
00000000000000000000000000000000
00000000000000000000000000000000
00000000000000000000000000000000
00000000000000000000000000000000
00000000000000000000000000000000
00000000000000000000000000000000
00000000000000000000000000000000
00000000000000000000000000000000
00000000000000000000000000000000
00000000000000000000000000000000
00000000000000000000000000000000
00000000000000000000000000000000
00000000000000000000000000000000
00000000000000000000000000000000
00000000000000000000000000000000
00000000000000000000000000000000
00000000000000000000000000000000
00000000000000000000000000000000
00000000000000000000000000000000
00000000000000000000000000000000
00000000000000000000000000000000
00000000000000000000000000000000
00000000000000000000000000000000
00000000000000000000000000000000
00000000000000000000000000000000
00000000000000000000000000000000
00000000000000000000000000000000
00000000000000000000000000000000
00000000000000000000000000000000
00000000000000000000000000000000
00000000000000000000000000000000
00000000000000000000000000000000
00000000000000000000000000000000
00000000000000000000000000000000
00000000000000000000000000000000
00000000000000000000000000000000
00000000000000000000000000000000
00000000000000000000000000000000
00000000000000000000000000000000
00000000000000000000000000000000
00000000000000000000000000000000
00000000000000000000000000000000
00000000000000000000000000000000
00000000000000000000000000000000
00000000000000000000000000000000
00000000000000000000000000000000
00000000000000000000000000000000
00000000000000000000000000000000
00000000000000000000000000000000
00000000000000000000000000000000
00000000000000000000000000000000
00000000000000000000000000000000
00000000000000000000000000000000
00000000000000000000000000000000
00000000000000000000000000000000
00000000000000000000000000000000
00000000000000000000000000000000
00000000000000000000000000000000
00000000000000000000000000000000
00000000000000000000000000000000
00000000000000000000000000000000
00000000000000000000000000000000
00000000000000000000000000000000
00000000000000000000000000000000
00000000000000000000000000000000
00000000000000000000000000000000
00000000000000000000000000000000
00000000000000000000000000000000
00000000000000000000000000000000
00000000000000000000000000000000
00000000000000000000000000000000
00000000000000000000000000000000
00000000000000000000000000000000
00000000000000000000000000000000
00000000000000000000000000000000
00000000000000000000000000000000
00000000000000000000000000000000
00000000000000000000000000000000
00000000000000000000000000000000
00000000000000000000000000000000
00000000000000000000000000000000
00000000000000000000000000000000
00000000000000000000000000000000
00000000000000000000000000000000
00000000000000000000000000000000
00000000000000000000000000000000
00000000000000000000000000000000
00000000000000000000000000000000
00000000000000000000000000000000
00000000000000000000000000000000
00000000000000000000000000000000
00000000000000000000000000000000
00000000000000000000000000000000
00000000000000000000000000000000
00000000000000000000000000000000
00000000000000000000000000000000
00000000000000000000000000000000
00000000000000000000000000000000
00000000000000000000000000000000
00000000000000000000000000000000
00000000000000000000000000000000
00000000000000000000000000000000
00000000000000000000000000000000
00000000000000000000000000000000
00000000000000000000000000000000
00000000000000000000000000000000
00000000000000000000000000000000
00000000000000000000000000000000
00000000000000000000000000000000
00000000000000000000000000000000
00000000000000000000000000000000
00000000000000000000000000000000
00000000000000000000000000000000
00000000000000000000000000000000
00000000000000000000000000000000
00000000000000000000000000000000
00000000000000000000000000000000
00000000000000000000000000000000
00000000000000000000000000000000
00000000000000000000000000000000
00000000000000000000000000000000
00000000000000000000000000000000
00000000000000000000000000000000
00000000000000000000000000000000
00000000000000000000000000000000
00000000000000000000000000000000
00000000000000000000000000000000
00000000000000000000000000000000
00000000000000000000000000000000
00000000000000000000000000000000
00000000000000000000000000000000
00000000000000000000000000000000
00000000000000000000000000000000
00000000000000000000000000000000
00000000000000000000000000000000
00000000000000000000000000000000
00000000000000000000000000000000
00000000000000000000000000000000
00000000000000000000000000000000
00000000000000000000000000000000
00000000000000000000000000000000
00000000000000000000000000000000
00000000000000000000000000000000
00000000000000000000000000000000
00000000000000000000000000000000
00000000000000000000000000000000
00000000000000000000000000000000
00000000000000000000000000000000
00000000000000000000000000000000
00000000000000000000000000000000
00000000000000000000000000000000
00000000000000000000000000000000
00000000000000000000000000000000
00000000000000000000000000000000
00000000000000000000000000000000
00000000000000000000000000000000
00000000000000000000000000000000
00000000000000000000000000000000
00000000000000000000000000000000
00000000000000000000000000000000
00000000000000000000000000000000
00000000000000000000000000000000
00000000000000000000000000000000
00000000000000000000000000000000
00000000000000000000000000000000
00000000000000000000000000000000
00000000000000000000000000000000
00000000000000000000000000000000
00000000000000000000000000000000
00000000000000000000000000000000
00000000000000000000000000000000
00000000000000000000000000000000
00000000000000000000000000000000
00000000000000000000000000000000
00000000000000000000000000000000
00000000000000000000000000000000
00000000000000000000000000000000
00000000000000000000000000000000
00000000000000000000000000000000
00000000000000000000000000000000
00000000000000000000000000000000
00000000000000000000000000000000
00000000000000000000000000000000
00000000000000000000000000000000
00000000000000000000000000000000
00000000000000000000000000000000
00000000000000000000000000000000
00000000000000000000000000000000
00000000000000000000000000000000
00000000000000000000000000000000
00000000000000000000000000000000
00000000000000000000000000000000
00000000000000000000000000000000
00000000000000000000000000000000
00000000000000000000000000000000
00000000000000000000000000000000
00000000000000000000000000000000
00000000000000000000000000000000
00000000000000000000000000000000
00000000000000000000000000000000
00000000000000000000000000000000
00000000000000000000000000000000
00000000000000000000000000000000
00000000000000000000000000000000
00000000000000000000000000000000
00000000000000000000000000000000
00000000000000000000000000000000
00000000000000000000000000000000
00000000000000000000000000000000
00000000000000000000000000000000
00000000000000000000000000000000
00000000000000000000000000000000
00000000000000000000000000000000
00000000000000000000000000000000
00000000000000000000000000000000
00000000000000000000000000000000
00000000000000000000000000000000
00000000000000000000000000000000
00000000000000000000000000000000
00000000000000000000000000000000
00000000000000000000000000000000
00000000000000000000000000000000
00000000000000000000000000000000
00000000000000000000000000000000
00000000000000000000000000000000
00000000000000000000000000000000
00000000000000000000000000000000
00000000000000000000000000000000
00000000000000000000000000000000
00000000000000000000000000000000
00000000000000000000000000000000
00000000000000000000000000000000
00000000000000000000000000000000
00000000000000000000000000000000
00000000000000000000000000000000
00000000000000000000000000000000
00000000000000000000000000000000
00000000000000000000000000000000
00000000000000000000000000000000
00000000000000000000000000000000
00000000000000000000000000000000
00000000000000000000000000000000
00000000000000000000000000000000
00000000000000000000000000000000
00000000000000000000000000000000
00000000000000000000000000000000
00000000000000000000000000000000
00000000000000000000000000000000
00000000000000000000000000000000
00000000000000000000000000000000
00000000000000000000000000000000
00000000000000000000000000000000
00000000000000000000000000000000
00000000000000000000000000000000
00000000000000000000000000000000
00000000000000000000000000000000
00000000000000000000000000000000
00000000000000000000000000000000
00000000000000000000000000000000
00000000000000000000000000000000
00000000000000000000000000000000
00000000000000000000000000000000
00000000000000000000000000000000
00000000000000000000000000000000
00000000000000000000000000000000
00000000000000000000000000000000
00000000000000000000000000000000
00000000000000000000000000000000
00000000000000000000000000000000
00000000000000000000000000000000
00000000000000000000000000000000
00000000000000000000000000000000
00000000000000000000000000000000
00000000000000000000000000000000
00000000000000000000000000000000
00000000000000000000000000000000
00000000000000000000000000000000
00000000000000000000000000000000
00000000000000000000000000000000
00000000000000000000000000000000
00000000000000000000000000000000
00000000000000000000000000000000
00000000000000000000000000000000
00000000000000000000000000000000
00000000000000000000000000000000
00000000000000000000000000000000
00000000000000000000000000000000
00000000000000000000000000000000
00000000000000000000000000000000
00000000000000000000000000000000
00000000000000000000000000000000
00000000000000000000000000000000
00000000000000000000000000000000
00000000000000000000000000000000
00000000000000000000000000000000
00000000000000000000000000000000
00000000000000000000000000000000
00000000000000000000000000000000
00000000000000000000000000000000
00000000000000000000000000000000
00000000000000000000000000000000
00000000000000000000000000000000
00000000000000000000000000000000
00000000000000000000000000000000
00000000000000000000000000000000
00000000000000000000000000000000
00000000000000000000000000000000
00000000000000000000000000000000
00000000000000000000000000000000
00000000000000000000000000000000
00000000000000000000000000000000
00000000000000000000000000000000
00000000000000000000000000000000
00000000000000000000000000000000
00000000000000000000000000000000
00000000000000000000000000000000
00000000000000000000000000000000
00000000000000000000000000000000
00000000000000000000000000000000
00000000000000000000000000000000
00000000000000000000000000000000
00000000000000000000000000000000
00000000000000000000000000000000
00000000000000000000000000000000
00000000000000000000000000000000
00000000000000000000000000000000
00000000000000000000000000000000
00000000000000000000000000000000
00000000000000000000000000000000
00000000000000000000000000000000
00000000000000000000000000000000
00000000000000000000000000000000
00000000000000000000000000000000
00000000000000000000000000000000
00000000000000000000000000000000
00000000000000000000000000000000
00000000000000000000000000000000
00000000000000000000000000000000
00000000000000000000000000000000
00000000000000000000000000000000
00000000000000000000000000000000
00000000000000000000000000000000
00000000000000000000000000000000
00000000000000000000000000000000
00000000000000000000000000000000
00000000000000000000000000000000
00000000000000000000000000000000
00000000000000000000000000000000
00000000000000000000000000000000
00000000000000000000000000000000
00000000000000000000000000000000
00000000000000000000000000000000
00000000000000000000000000000000
00000000000000000000000000000000
00000000000000000000000000000000
00000000000000000000000000000000
00000000000000000000000000000000
00000000000000000000000000000000
00000000000000000000000000000000
00000000000000000000000000000000
00000000000000000000000000000000
00000000000000000000000000000000
00000000000000000000000000000000
00000000000000000000000000000000
00000000000000000000000000000000
00000000000000000000000000000000
00000000000000000000000000000000
00000000000000000000000000000000
00000000000000000000000000000000
00000000000000000000000000000000
00000000000000000000000000000000
00000000000000000000000000000000
00000000000000000000000000000000
00000000000000000000000000000000
00000000000000000000000000000000
00000000000000000000000000000000
00000000000000000000000000000000
00000000000000000000000000000000
00000000000000000000000000000000
00000000000000000000000000000000
00000000000000000000000000000000
00000000000000000000000000000000
00000000000000000000000000000000
00000000000000000000000000000000
00000000000000000000000000000000
00000000000000000000000000000000
00000000000000000000000000000000
00000000000000000000000000000000
00000000000000000000000000000000
00000000000000000000000000000000
