10111000000010000000000001010000
00000000000000000000000000000000
10111000000010000001010100111100
00000000000000000000000000000000
10111000000010000001010101001100
00000000000000000000000000000000
00000000000000000000000000000000
00000000000000000000000000000000
10111000000010000001010101000100
00000000000000000000000000000000
00000000000000000000000000000000
00000000000000000000000000000000
00000000000000000000000000000000
00000000000000000000000000000000
00000000000000000000000000000000
00000000000000000000000000000000
00000000000000000000000000000000
00000000000000000000000000000000
00000000000000000000000000000000
00000000000000000000000000000000
00110001101000000010101011001000
00110000010000000010100110101000
00110000001000000010110011011000
10111001111101000000000011001000
10000000000000000000000000000000
10111001111101000001010100000000
00110000101000110000000000000000
10111000000000000000000000000000
11100000011000000010101011001000
00110000001000011111111111100100
10111110000000110000000000011100
11111001111000010000000000000000
10111000000100000000000001001000
11101001111000010000000000000000
11111000011000000010100110110000
10011001111111000010000000000000
10000000000000000000000000000000
11101000011000000010100110110000
11101000100000110000000000000000
10111110001001001111111111101100
00110000011000110000000000000100
10110000000000000000000000000000
00110000011000000000000000000000
10111100000000110000000000010000
00110000101000000010101010111100
10011001111111000001100000000000
10000000000000000000000000000000
00110000011000000000000000000001
11110000011000000010101011001000
11101001111000010000000000000000
10110110000011110000000000001000
00110000001000010000000000011100
10110000000000000000000000000000
00110000011000000000000000000000
00110000001000011111111111100100
00110000101000000010101010111100
00110000110000000010101011001100
10111110000000110000000000010000
11111001111000010000000000000000
10011001111111000001100000000000
10000000000000000000000000000000
11101000011000000010101011000000
10110000000000000000000000000000
00110000100000000000000000000000
10111110000000110000000000011100
11101001111000010000000000000000
00110000101000000010101011000000
10111100000001000000000000010000
10011001111111000010000000000000
10000000000000000000000000000000
11101001111000010000000000000000
10110110000011110000000000001000
00110000001000010000000000011100
00100000001000011111111111101100
11111001111000010000000000000000
00100000110000000010101011001000
00100000111000000010101011001000
00000110010001100011100000000000
10111100011100100000000000010100
11111000000001100000000000000000
00100000110001100000000000000100
00000110010001100011100000000000
10111100100100101111111111110100
00100000110000000010101011001000
00100000111000000010101011100100
00000110010001100011100000000000
10111100011100100000000000010100
11111000000001100000000000000000
00100000110001100000000000000100
00000110010001100011100000000000
10111100100100101111111111110100
10111001111101000001001111110000
10000000000000000000000000000000
10111001111101000001011000111100
10000000000000000000000000000000
00100000110000000000000000000000
00100000111000000000000000000000
10111001111101000000101001000000
00100000101000000000000000000000
00110010011000110000000000000000
10111001111101000001011001010100
10000000000000000000000000000000
10111001111101000001001110111100
10000000000000000000000000000000
11001001111000010000000000000000
00110000011100110000000000000000
10110110000011110000000000001000
00100000001000010000000000010100
10110000000000000010000000000000
11101000011000000000000000000000
10100100011000110000000000000001
10101010010000110000000000000001
10111100001100101111111111110000
10110110000011110000000000001000
10000000000000000000000000000000
10110000000000000010000000000000
11101000011000000000000000000000
10100100011000110000000000000010
10101010010000110000000000000010
10111100000100101111111111110000
10110110000011110000000000001000
10000000000000000000000000000000
10100100101001010000000011111111
10110000000000000010000000000000
11111000101000000000000000001100
00110000100000000000000000000001
10110000000000000010000000000000
11111000100000000000000000001000
10110000000000000010000000000000
11101000011000000000000000000000
10100100011000110000000000000010
10101010010000110000000000000010
10111100000100101111111111110000
10110110000011110000000000001000
10000000000000000000000000000000
10110000000000000010000000000000
11101000011000000000000000000000
10100100011000110000000000000001
10101010010000110000000000000001
10111100001100101111111111110000
10110000000000000010000000000000
11101000011000000000000000000100
10110110000011110000000000001000
11110000011001010000000000000000
00010000111001010000000000000000
00110000001000011111111111100100
10010000110001100000000001100000
11111001111000010000000000000000
10111110000001110000000000101000
00010000101001100000000000000000
11101000100001110000000000000000
11110000110001000000000000000000
11101000011001110000000000000000
00110000011000110000000000000001
11111000011001110000000000000000
11101001111000010000000000000000
10110110000011110000000000001000
00110000001000010000000000011100
10111001111101001111111101110000
10000000000000000000000000000000
10111000000100001111111111110000
11101001111000010000000000000000
00110000001000011111111111001100
11111010110000010000000000100000
11111011000000010000000000101000
11111011001000010000000000101100
11111001111000010000000000000000
11111010011000010000000000011100
11111010111000010000000000100100
11111011010000010000000000110000
00010011000001110000000000000000
00010011001001010000000000000000
10111110011001110000000001010000
00010010110001100000000000000000
11100000011001100000000000000000
10010000011000110000000001100000
10111110000000110000000100001100
00010000100000110000000000000000
00010000100000000000000000000000
00110000100001000000000000000001
11000000011101100010000000000000
10010000011000110000000001100000
10111110001000111111111111111000
00110000100001000000000000000001
00110000100001001111111111111111
00010110010110000010000000000001
10111110010100100000000000001100
00010111000001001100000000000000
00010011000000110000000000000000
10100100011010000000000000000010
10111110001000110000000000001100
00110011010000000000000000110000
00110011010000000000000000100000
10100100011010000000000000000001
10111100001000110000000010010000
10111100011110000000000010001100
10111110001110010000000011000100
10010010111110100000000001100000
00010010011110000000000000000000
00010000101101110000000000000000
10111001111101001111111011001000
00110010011100111111111111111111
10111110001100111111111111111000
00010000101101110000000000000000
11100000011101100000000000000000
00010010111110000000000000000000
10010000011000110000000001100000
10111110001000110000000001101100
00010011000000000000000000000000
10111110011110000000000000110000
00010000011101110000000000000000
10111110001110010000000010110000
10010010110110100000000001100000
00010010011110000000000000000000
00010000101101100000000000000000
10111001111101001111111010001100
00110010011100111111111111111111
10111110001100111111111111111000
00010000101101100000000000000000
00010010111101111100000000000000
00010000011101110000000000000000
11101001111000010000000000000000
11101010011000010000000000011100
11101010110000010000000000100000
11101010111000010000000000100100
11101011000000010000000000101000
11101011001000010000000000101100
11101011010000010000000000110000
10110110000011110000000000001000
00110000001000010000000000110100
11100000011101100000000000000000
10010000011000110000000001100000
10111110000000111111111110100100
00010010111000000000000000000000
10111100001110010000000010000000
00010000101000110000000000000000
10111001111101001111111000111000
00110010110101100000000000000001
11100000011101100000000000000000
10010000011000110000000001100000
10111110001000111111111111101100
00110010111101110000000000000001
10111000000000001111111101111100
10111000000100001111111100101000
00010111000001001100000000000000
00010000011110000000000000000000
11101000100110010000000000000000
11110010111001000000000000000000
11101000100110010000000000000000
00110000011000111111111111111111
00110000100001000000000000000001
10111110001000111111111111110000
11111000100110010000000000000000
10111000000100001111111101000000
11100000011101100000000000000000
00010000101110000000000000000000
11101000100110010000000000000000
11110010110001000000000000000000
11101000100110010000000000000000
00110000101001011111111111111111
00110000011001000000000000000001
00010000100000110000000000000000
10111110001001011111111111101100
11111000011110010000000000000000
10111000000100001111111101010000
00010010111101111100000000000000
11101000100110010000000000000000
11110000011001000000000000000000
11101000100110010000000000000000
00110010110101100000000000000001
00110000100001000000000000000001
11111000100110010000000000000000
11100000011101100000000000000000
10010000011000110000000001100000
10111110001000111111111111100100
00110010111101110000000000000001
10111000000000001111111011110100
00110000001000011111111111000000
11111010111000010000000000110100
11111011000000010000000000111000
11111011001000010000000000111100
00010010111010010000000000000000
11111001111000010000000000000000
11111010011000010000000000101100
11111010110000010000000000110000
00010000100001100000000000000000
00010011001010100000000000000000
00010011000001010000000000000000
10111110000001100000000011111000
11101001001000010000000001011100
10111100001010000000000010001000
00010000110001000000000000000000
11110000000000010000000000101011
00010000101000000000000000000000
00110010011000010000000000101011
01001000100001110011000000000010
00110010011100111111111111111111
01000000011001000011100000000000
00010100011000110011000000000000
00010000110001000000000000000000
00110010010000000000000000001001
00010110010000111001000000000001
10111110101100100000000000001100
00010000100000110100100000000000
00110000011001001111111111000110
00110000011000110000000000110000
10111110001001101111111111010100
11110000011100110000000000000000
10111110001001010000000001100000
00010010110001010000000000000000
00010000101110000000000000000000
00010000110100110000000000000000
00010000111101110000000000000000
10111001111101001111110110100100
00010001000110010000000000000000
00010000011101100001100000000000
11101001111000010000000000000000
11101010011000010000000000101100
11101010110000010000000000110000
11101010111000010000000000110100
11101011000000010000000000111000
11101011001000010000000000111100
10110110000011110000000000001000
00110000001000010000000001000000
10101010010001110000000000001010
10111100001100101111111101111000
10111110101001101111111101110100
00010100110001100000000000000000
11110000000000010000000000101011
10111110001001101111111101110100
00110000101000000000000000000001
00110010011000010000000000101011
10111110000101110000000000110100
10100100011110010000000000000010
10111100000000110000000000101100
10111110000110000000000001100000
00110000011000000000000000101101
11101000100110000000000000000000
11110000011001000000000000000000
11101000011110000000000000000000
00110000011000110000000000000001
11111000011110000000000000000000
00110010111101111111111111111111
10111000000100001111111101111100
00110010110000000000000000000001
00110010011100111111111111111111
00110000011000000000000000101101
00010010110000000000000000000000
10111000000100001111111101101000
11110000011100110000000000000000
00010000111101110000000000000000
00010001000010100000000000000000
00110000110000010000000000011100
00110000011000000000000000110000
11110000100000010000000000011101
10111001111101001111110011111100
11110000011000010000000000011100
10111000000100001111111101100000
11101001111000010000000000000000
10111001111101001111110001001100
00110000101000000000000000101101
10111000000100001111111110111000
00110010111101111111111111111111
00110000001000011111111111001000
11111010110000010000000000101000
11111010111000010000000000101100
11111001111000010000000000000000
11111010011000010000000000100100
11111011000000010000000000110000
11111011001000010000000000110100
11101010011001100000000000000000
00010010111001010000000000000000
11100000100100110000000000000000
10010000011001000000000001100000
10111110000000110000000101011000
00010010110000110000000000000000
00110011000001100000000000000100
00010010110000000000000000000000
10111000000100000000000000111000
00110011001000000000000001100001
10111110000101110000000101110100
10010000011001000000000001100000
11101000100101110000000000000000
11110000011001000000000000000000
11101000011101110000000000000000
00110000011000110000000000000001
11111000011101110000000000000000
00110010110101100000000000000001
00110010011100110000000000000001
11100000100100110000000000000000
10010000011001000000000001100000
10111100000000110000000100010100
10101010010000110000000000100101
10111100001100101111111111001100
00110010011100110000000000000001
11100000100100110000000000000000
10010000011001000000000001100000
10111100000000110000000011111100
10101010010000110000000000100101
10111100000100101111111110110100
10101010010000110000000000101101
10111110000100100000000100110000
00010001000000000000000000000000
10010000011001000000000001100000
10101010010000110000000000110000
10111110001100100000000000101000
10010000110001000000000001100000
00110010011100110000000000000001
11100000100100110000000000000000
10100001000010000000000000000010
10101010010001000000000000110000
10111110000100101111111111110100
00110010011100110000000000000001
00110010011100111111111111111111
10010000110001000000000001100000
00110000011001101111111111010000
10100100011000110000000011111111
00100010010000000000000000001001
00010110010000111001000000000011
10111110010100100000000000111100
00010000111000000000000000000000
01100100011001110000010000000010
00110010011100110000000000000001
11100000101100110000000000000000
00010000011000110011100000000000
00010000011000110001100000000000
00010000011000110011000000000000
10010000110001010000000001100000
00110000100001101111111111010000
10100100100001000000000011111111
00100010010000000000000000001001
00010110010001001001000000000011
10111110101100101111111111010100
00110000111000111111111111010000
10101010010001100000000001110011
10111100000100100000000010111000
10101010010001100000000001100100
10111110000100100000000011001100
00010001001001110000000000000000
10101010010001100000000001111000
10111110000100100000000011101000
00010001010010000000000000000000
10101010010001100000000001011000
10111110000100100000000100000100
00010000101101110000000000000000
10101010010001100000000001110101
10111100000100100000000100011100
10101010010001100000000001100011
10111110001100101111111100010000
00110000110000010000000000100000
11100000011110000000000000000011
00110010011100110000000000000001
11110000011000010000000000100000
10111001111101001111101101110100
11110000000000010000000000100001
11100000100100110000000000000000
00010010110101100001100000000000
10010000011001000000000001100000
10111110001000111111111011111000
00110011000110000000000000000100
10111110000101110000000000010100
00010000011101100000000000000000
11101000011101110000000000000000
11110000000000110000000000000000
00010000011101100000000000000000
11101001111000010000000000000000
11101010011000010000000000100100
11101010110000010000000000101000
11101010111000010000000000101100
11101011000000010000000000110000
11101011001000010000000000110100
10110110000011110000000000001000
00110000001000010000000000111000
10111001111101001111101010000100
00010000101000110000000000000000
10111000000100001111111010100100
00110010110101100000000000000001
00110010011100110000000000000001
11100000100100110000000000000000
10111000000100001111111011010000
00110001000000000000000000000001
11101000110110000000000000000000
10111100000001100000000010011000
00010000101101110000000000000000
10111001111101001111101011111000
00110011000110000000000000000100
10111000000100001111111001111000
00010010110101100001100000000000
11101000110110000000000000000000
00010001010010000000000000000000
00010000101101110000000000000000
00110000111000000000000000001010
00110001000000000000000000000001
10111001111101001111110010100000
11111011001000010000000000011100
00010010110101100001100000000000
10111000000100001111111001010000
00110011000110000000000000000100
11101000110110000000000000000000
00010000101101110000000000000000
00010001001001110000000000000000
00110000111000000000000000010000
00010001000000000000000000000000
10111001111101001111110001111000
11111011001000010000000000011100
00010010110101100001100000000000
10111000000100001111111000101000
00110011000110000000000000000100
11101000110110000000000000000000
00110000011000000000000001000001
00110000111000000000000000010000
00010001000000000000000000000000
10111001111101001111110001010100
11111000011000010000000000011100
00010010110101100001100000000000
10111000000100001111111000000100
00110011000110000000000000000100
11101000110110000000000000000000
10111000000100001111111111000000
00110000111000000000000000001010
00110000110000000010000000000000
10111000000100001111111101101100
00010000101101110000000000000000
11111000110000010000000000001000
11111000111000010000000000001100
11111001000000010000000000010000
11111001001000010000000000010100
11111001010000010000000000011000
00110000001000011111111111100100
11111000101000010000000000100000
11111000110000010000000000100100
00110000101000010000000000100000
11111001111000010000000000000000
10111001111101001111110101011000
00110000110000010000000000100100
11101001111000010000000000000000
10110110000011110000000000001000
00110000001000010000000000011100
11111000101000010000000000000100
11111000110000010000000000001000
11111000111000010000000000001100
11111001000000010000000000010000
11111001001000010000000000010100
11111001010000010000000000011000
00110000001000011111111111100100
11111000101000010000000000100000
00110000110000010000000000100000
11111001111000010000000000000000
10111001111101001111110100011100
00010000101000000000000000000000
11101001111000010000000000000000
10110110000011110000000000001000
00110000001000010000000000011100
11100000100001010000000000000000
10101010010001000000000000101101
10111110000100100000001011111000
00010001100000000000000000000000
10010000011001000000000001100000
10101010010000110000000000110000
10111100000100100000001011001100
10010001000001000000000001100000
00110001010010001111111111010000
00100010010000000000000000001001
00010110010010101001000000000011
10111110101100100000000000110100
00110000101001010000000000000001
00110000011010001111111110111111
00100010010000000000000000011001
00010110010000111001000000000011
10111110101100100000000000100000
00110001010010001111111111001001
00110000011010001111111110011111
00110001010010001111111110101001
00100010010000000000000000011001
00010110010000111001000000000011
10111110010100100000001001000100
00010000100000000000000000000000
11100000011001010000000000000000
10010001000000110000000001100000
00110001001010001111111111010000
00100010010000000000000000001001
00010110010010011001000000000011
10111110101100100000000000110100
00110000101001010000000000000001
00110000011010001111111110111111
00100010010000000000000000011001
00010110010000111001000000000011
10111110101100100000000000100000
00110001001010001111111111001001
00110000011010001111111110011111
00110001001010001111111110101001
00100010010000000000000000011001
00010110010000111001000000000011
10111110010100100000000111111100
00010000100010100000000000000000
11100000011001010000000000000000
01000000100010100011100000000000
00110000101001010000000000000001
10010001000000110000000001100000
00110001010010001111111111010000
00100010010000000000000000001001
00010110010010101001000000000011
10111110101100100000000000110000
00010000100010010010000000000000
00110000011010001111111110111111
00100010010000000000000000011001
00010110010000111001000000000011
10111110101100100000000000011100
00110001010010001111111111001001
00110000011010001111111110011111
00100010010000000000000000011001
00010110010000111001000000000011
10111110010100100000000110110000
00110001010010001111111110101001
11100000011001010000000000000000
01000000100001110010000000000000
00110000101001010000000000000001
10010001000000110000000001100000
00110001001010001111111111010000
00100010010000000000000000001001
00010110010010011001000000000011
10111110101100100000000000110000
00010000100010100010000000000000
00110000011010001111111110111111
00100010010000000000000000011001
00010110010000111001000000000011
10111110101100100000000000011100
00110001001010001111111111001001
00110000011010001111111110011111
00100010010000000000000000011001
00010110010000111001000000000011
10111110010100100000000101100100
00110001001010001111111110101001
11100000011001010000000000000000
01000000100001110010000000000000
00110000101001010000000000000001
10010001000000110000000001100000
00110001010010001111111111010000
00100010010000000000000000001001
00010110010010101001000000000011
10111110101100100000000000110000
00010000100010010010000000000000
00110000011010001111111110111111
00100010010000000000000000011001
00010110010000111001000000000011
10111110101100100000000000011100
00110001010010001111111111001001
00110000011010001111111110011111
00100010010000000000000000011001
00010110010000111001000000000011
10111110010100100000000100011000
00110001010010001111111110101001
11100000011001010000000000000000
01000000100001110010000000000000
00110000101001010000000000000001
10010001000000110000000001100000
00110001001010001111111111010000
00100010010000000000000000001001
00010110010010011001000000000011
10111110101100100000000000110000
00010000100010100010000000000000
00110000011010001111111110111111
00100010010000000000000000011001
00010110010000111001000000000011
10111110101100100000000000011100
00110001001010001111111111001001
00110000011010001111111110011111
00100010010000000000000000011001
00010110010000111001000000000011
10111110010100100000000011001100
00110001001010001111111110101001
11100000011001010000000000000000
01000000100001110010000000000000
00110000101001010000000000000001
10010001000000110000000001100000
00110001010010001111111111010000
00100010010000000000000000001001
00010110010010101001000000000011
10111110101100100000000000110000
00010000100010010010000000000000
00110000011010001111111110111111
00100010010000000000000000011001
00010110010000111001000000000011
10111110101100100000000000011100
00110001010010001111111111001001
00110000011010001111111110011111
00100010010000000000000000011001
00010110010000111001000000000011
10111110010100100000000010000000
00110001010010001111111110101001
11100000011001010000000000000000
01000000100001110010000000000000
00110000101001010000000000000001
10010001000000110000000001100000
00110001011010001111111111010000
00100010010000000000000000001001
00010110010010111001000000000011
10111110101100100000000000110000
00010000100010100010000000000000
00110000011010001111111110111111
00100010010000000000000000011001
00010110010000111001000000000011
10111110101100100000000000011100
00110001011010001111111111001001
00110000011010001111111110011111
00100010010000000000000000011001
00010110010000111001000000000011
10111110010100100000000000110100
00110001011010001111111110101001
11100000011001010000000000000000
01000000100001110010000000000000
00110000101001010000000000000001
10010001001000110000000001100000
00110001000010011111111111010000
00100010010000000000000000001001
00010110010010001001000000000011
10111110010100100000000000101000
00010000100010110010000000000000
01000000011001110010000000000000
00010000100010000001100000000000
10111100000001100000000000001000
11111000101001100000000000000000
10111100000011000000000000001000
00010100100001000000000000000000
10110110000011110000000000001000
00010000011001000000000000000000
00110000011010011111111110111111
00100010010000000000000000011001
00010110010000111001000000000011
10111110101100101111111111010100
00110001000010011111111111001001
00110000011010011111111110011111
00100010010000000000000000011001
00010110010000111001000000000011
10111110010100101111111111001000
00110001000010011111111110101001
10111000000100001111111110111100
01000000011001110010000000000000
11100000011001010000000000000001
10101010010000110000000001111000
10111110000100100000000000100100
10010000011001000000000001100000
00110000101001010000000000000001
10111000000100001111110101101000
00110001010000111111111111010000
00110000101001010000000000000001
11100000100001010000000000000000
10111000000100001111110100001000
00110001100000000000000000000001
00110000101001010000000000000010
11100000100001010000000000000000
10111000000100001111110100000100
00110000111000000000000000010000
00110000110000000000000000011011
00010000111001100000000000000000
00010001000001100000000000000000
00110000101000000010000000001000
00110000001000011111111110010000
11111001111000010000000000000000
11111010011000010000000001001100
11111010110000010000000001010000
11111010111000010000000001010100
11111011000000010000000001011000
11111011001000010000000001011100
11111011010000010000000001100000
11111011011000010000000001100100
11111011100000010000000001101000
11111011101000010000000001101100
10111001111101001111110001101000
11111000000000010000000000100100
00110000110000000010000001001000
00110000101000000010000000100000
10111001111101001111110001011000
10000000000000000000000000000000
00110000101000000010000001010100
10111001111101001111110001001100
10000000000000000000000000000000
00110000101000000010000001101000
10111001111101001111110001000000
10000000000000000000000000000000
00110000110000000010010101111100
00110000101000000010000010010100
10111001111101001111110000110000
10000000000000000000000000000000
00110000101000000010000010110000
00110000110000000010010110001100
10111001111101001111110000100000
10000000000000000000000000000000
00110000101000000010000011001100
10111001111101001111110000010100
00110000110000000000000000110010
00110000101000000010000011101100
10111001111101001111110000001000
00110000110000000000000000001000
00110000101000000010000100001100
10111001111101001111101111111100
00110000110000000000000000001000
00110000101000000010000100101100
10111001111101001111101111110000
00110000110000000000000000000001
00110000101000000010000001101000
10111001111101001111101111100100
10000000000000000000000000000000
00110000101000000010000101001100
10111001111101001111101111011000
10000000000000000000000000000000
10110000000000000001000000000000
00110000011000000010000000000000
10010000000000110000000001100100
00110000011000110000000000100000
10110000000000000001000000000000
10101010010000110100000000000000
10111100001100101111111111110000
10110000000000000001000000000000
00110000011000000000000000000000
10010000000000110000000001101000
00110000011000110000000000100000
10110000000000000001000000000000
10101010010000110010000000000000
10111100001100101111111111110000
10000000000000000000000000000000
10000000000000000000000000000000
10000000000000000000000000000000
10000000000000000000000000000000
00110000101000000010000101100100
00110010011000010000000000101100
10111001111101001111101110000000
00110011001000010000000000100000
00110000101000000010000101101100
00110011101000010000000000101110
10111001111101001111101101110000
00110011100000010000000000100100
00110000101000000010000110000000
10111001111101001111101101100100
10000000000000000000000000000000
00110000101000000010000110010000
10111001111101001111101101011000
10000000000000000000000000000000
00110000101000000010000111011100
10111001111101001111101101001100
10000000000000000000000000000000
00110000101000000010001000001100
10111001111101001111101101000000
10000000000000000000000000000000
00110000101000000010001000111000
10111001111101001111101100110100
10000000000000000000000000000000
00110000101000000010001001111100
10111001111101001111101100101000
10000000000000000000000000000000
00110000101000000010001010101000
10111001111101001111101100011100
10000000000000000000000000000000
00110000101000000010001011011100
10111001111101001111101100010000
10000000000000000000000000000000
00110000101000000010001100010000
10111001111101001111101100000100
10000000000000000000000000000000
00110000101000000010001101000100
10111001111101001111101011111000
10000000000000000000000000000000
00110000101000000010001110001000
10111001111101001111101011101100
10000000000000000000000000000000
00110000101000000010001110010000
10111001111101001111101011100000
10000000000000000000000000000000
00110000101000000010001111100000
10111001111101001111101011010100
10000000000000000000000000000000
00010000011000000000000000000000
00110000100000000000000000101110
11010000100100110001100000000000
00110000011000110000000000000001
10101010010000110000000000100000
10111110001100101111111111110100
00010010110000000000000000000000
10111001111101001111010001100100
00010000101110010000000000000000
10111001111101001111010000101000
11100000101000010000000000100000
11100000011000010000000000100000
11010000011100111011000000000000
10111110000000110000000000011000
00110010110101100000000000000001
10101010010000110000000000001101
10111100000100100000000000001100
10101010010000110000000000001010
10111100001100101111111111010100
11100000011000010000000000101100
00110000011000111111111110011100
10100100011000110000000011111111
00100010010000000000000000010110
00010110010000111001000000000011
10111110010100100000000000010000
01100100011000110000010000000010
11101000100000110010010100100000
10011000000010000010000000000000
00110000101000000010010100001100
10111001111101001111101001011000
10000000000000000000000000000000
10111000000000001111111011101000
00010000101111010000000000000000
00010000110111000000000000000000
10111001111101001111101010000000
00110000111000000000000000001010
11101000101000010000000000100100
00010000110111000000000000000000
00010010110000110000000000000000
10111001111101001111101001101100
00110000111000000000000000001010
00010000100000110000000000000000
10100100011101100000000000000011
10111110001000110000011001111100
10100100011001000000000000000011
10111110001000110000011010000100
01100100011001000000000000000010
01100111000001000000000000000010
10111110000110001111111010100100
00010010111000000000000000000000
11101000111101100000000000000000
01100100100001110000001000011000
00110000011001001111111110100001
10100100011000110000000011111111
00100010010000000000000000011110
00010110010000111001000000000011
10111110101100100000000000010000
11110000100000010000000000101000
00110000011000000000000000100000
11110000011000010000000000101000
01100100100001110000000000010000
10010000100001000000000001100000
00110000011001001111111110100001
10100100011000110000000011111111
00100010010000000000000000011110
00010110010000111001000000000011
10111110101100100000000000010000
11110000100000010000000000101001
00110000100000000000000000100000
11110000100000010000000000101001
01100100100001110000000000001000
10010000100001000000000001100000
00110000011001001111111110100001
10100100011000110000000011111111
00100010010000000000000000011110
00010110010000111001000000000011
10111110101100100000000000010000
11110000100000010000000000101010
00110000011000000000000000100000
11110000011000010000000000101010
10010000100001110000000001100000
00110000011001001111111110100001
10100100011000110000000011111111
00100010010000000000000000011110
00010110010000111001000000000011
10111110101100100000000000010000
11110000100000010000000000101011
00110000100000000000000000100000
11110000100000010000000000101011
11100000011000010000000000101011
11100001000000010000000000101000
11100001001000010000000000101001
11100001010000010000000000101010
00110000101000000010010000001000
00010000110101100000000000000000
10010000011000110000000001100000
00110010111101110000000000000001
10010001000010000000000001100000
10010001001010010000000001100000
10010001010010100000000001100000
10111001111101001111100100111100
11111000011000010000000000011100
00010110010101111100000000000000
10111110001100101111111100101100
00110010110101100000000000000100
10111000000100001111110111000000
00110010110101101111111111111100
00110000101000000010010000111000
10111001111101001111100100011100
10000000000000000000000000000000
10110000000000000001000000000000
00110000011000000000000000000000
11111000000000110000000000000000
00110000011000110000000000000100
10110000000000000001000000010000
10101010010000110000000000000000
10111100001100101111111111110000
00110000101000000010000101100100
10111001111101001111100011110100
10000000000000000000000000000000
10111000000000001111110110000100
00110000101000000010010001010100
10111001111101001111100011100100
10000000000000000000000000000000
10110000000000000001000000000000
00110000011000000010000000000000
10010000000000110000000001110100
00110000011000110000000000100000
10110000000000000001000000000000
10101010010000110100000000000000
10111100001100101111111111110000
00110000101000000010000101100100
10111001111101001111100010111100
10000000000000000000000000000000
10111000000000001111110101001100
00110000101000000010000101001100
10111001111101001111100010101100
10000000000000000000000000000000
10110000000000000001000000000000
00110000011000000010000000000000
10010000000000110000000001100100
00110000011000110000000000100000
10110000000000000001000000000000
10101010010000110100000000000000
10111100001100101111111111110000
10110000000000000001000000000000
00110000011000000000000000000000
10010000000000110000000001101000
00110000011000110000000000100000
10110000000000000001000000000000
10101010010000110010000000000000
10111100001100101111111111110000
10000000000000000000000000000000
10000000000000000000000000000000
10000000000000000000000000000000
10000000000000000000000000000000
00110000101000000010000101100100
10111001111101001111100001011000
10000000000000000000000000000000
10111000000000001111110011101000
00010000101111010000000000000000
00010000110000000000000000000000
10111001111101001111100010000000
00110000111000000000000000001010
00010010110000110000000000000000
10100100011000110000000000000011
10111100001000110000010010010000
00110000101000000010010001101100
10111001111101001111100000101100
10000000000000000000000000000000
10011001111111001011000000000000
10000000000000000000000000000000
10111000000000001111110010110100
00110000101000000010010010001000
10111001111101001111100000010100
10000000000000000000000000000000
10010110110000001000000000000001
00110000101000000010010010011000
10111001111101001111100000000100
01100100110101100000000000011111
01100100110101100000000000000110
00110000101000000010010010101000
10111001111101001111011111110100
10100100110001100000000000000001
01100100110101100000000000000010
00110000101000000010010010111000
10100100110001100000000000000001
10111001111101001111011111100000
10010010110101100000000001000001
00110000101000000010010011001000
10111001111101001111011111010100
10100100110101100000000000000001
10111000000000001111110001100100
00010000101111010000000000000000
00010000110000000000000000000000
10111001111101001111011111111100
00110000111000000000000000001010
00010000110000110000000000000000
10100100011000110000000000000011
10111100001000110000010000001100
11101000111001100000000000000000
01100100100001110000001000011000
00110000011001001111111110100001
10100100011000110000000011111111
00100010010000000000000000011110
00010110010000111001000000000011
10111110101100100000000000010000
11110000100000010000000000101000
00110000011000000000000000100000
11110000011000010000000000101000
01100100100001110000000000010000
10010000100001000000000001100000
00110000011001001111111110100001
10100100011000110000000011111111
00100010010000000000000000011110
00010110010000111001000000000011
10111110101100100000000000010000
11110000100000010000000000101001
00110000100000000000000000100000
11110000100000010000000000101001
01100100100001110000000000001000
10010000100001000000000001100000
00110000011001001111111110100001
10100100011000110000000011111111
00100010010000000000000000011110
00010110010000111001000000000011
10111110101100100000000000010000
11110000100000010000000000101010
00110000011000000000000000100000
11110000011000010000000000101010
10010000100001110000000001100000
00110000011001001111111110100001
10100100011000110000000011111111
00100010010000000000000000011110
00010110010000111001000000000011
10111110101100100000000000010000
11110000100000010000000000101011
00110000100000000000000000100000
11110000100000010000000000101011
11100000011000010000000000101011
11100001000000010000000000101000
11100001001000010000000000101001
11100001010000010000000000101010
00110000101000000010010000001000
10010000011000110000000001100000
10010001000010000000000001100000
10010001001010010000000001100000
10010001010010100000000001100000
10111001111101001111011011101100
11111000011000010000000000011100
10111000000000001111101101111100
00010000101111010000000000000000
00010000110000000000000000000000
10111001111101001111011100010100
00110000111000000000000000001010
00010010111000110000000000000000
10100100011000110000000000000011
10111110001000110000001100100100
00010000101110010000000000000000
10111001111101001111000001110100
00110011010000001111111111111111
00010000101110010000000000000000
10111001111101001111000001101000
11100010110000010000000000100000
11100000011000010000000000100000
00010000101110010000000000000000
01100110110101100000010000011000
01100100011000110000010000010000
10111001111101001111000001010000
10000010110101100001100000000000
11100000011000010000000000100000
00010000101110010000000000000000
01100100011000110000010000001000
10111001111101001111000000111100
10000010110101100001100000000000
11100000011000010000000000100000
00010000101110010000000000000000
10111001111101001111000000101100
10000011000000111011000000000000
00010000101110010000000000000000
10111001111101001111000000100000
11100010110000010000000000100000
11100000011000010000000000100000
00010000101110010000000000000000
01100110110101100000010000011000
01100100011000110000010000010000
10111001111101001111000000001000
10000010110101100001100000000000
11100000011000010000000000100000
00010000101110010000000000000000
01100100011000110000010000001000
10111001111101001110111111110100
10000010110101100001100000000000
11100000011000010000000000100000
10111110000110000000000001001000
10000011011000111011000000000000
00010010110101110000000000000000
00010010111101111100000000000000
10111001111101001110111111011000
00010000101110010000000000000000
11100000011000010000000000100000
01100100101110100000000000001000
11110000011101100000000000000000
11100000011000010000000000100000
00110010110101100000000000000001
10001000011110100001100000000000
10100100011000110000000011111111
01100100011000110000010000000010
11101000100000110010010110100000
00010110010101101011100000000000
10111110001100101111111111010000
10001011010001010010000000000000
00110000101000000010010011011000
10111001111101001111010111101000
00010000110110000000000000000000
00110000101000000010010011101100
10111001111101001111010111011100
10000000000000000000000000000000
00010110010110111101000000000000
10111100001100100000001000011100
00110000101000000010000101100100
10111001111101001111010111001000
10000000000000000000000000000000
00110000101000000010010001010100
10111001111101001111010110111100
10000000000000000000000000000000
10110000000000000001000000000000
00110000011000000010000000000000
10010000000000110000000001110100
00110000011000110000000000100000
10110000000000000001000000000000
10101010010000110100000000000000
10111100001100101111111111110000
00110000101000000010000101100100
10111001111101001111010110010100
10000000000000000000000000000000
10111000000000001111101000100100
00010000101111010000000000000000
00010000110111000000000000000000
10111001111101001111010110111100
00110000111000000000000000001010
11101000101000010000000000100100
00010000110111000000000000000000
00010010110000110000000000000000
10111001111101001111010110101000
00110000111000000000000000001010
00010000100000110000000000000000
10100100011101100000000000000011
10111100001000110000000110111000
11111000100101100000000000000000
11101000111101100000000000000000
01100100100001110000001000011000
00110000011001001111111110100001
10100100011000110000000011111111
00100010010000000000000000011110
00010110010000111001000000000011
10111110101100100000000000010000
11110000100000010000000000101000
00110000011000000000000000100000
11110000011000010000000000101000
01100100100001110000000000010000
10010000100001000000000001100000
00110000011001001111111110100001
10100100011000110000000011111111
00100010010000000000000000011110
00010110010000111001000000000011
10111110101100100000000000010000
11110000100000010000000000101001
00110000100000000000000000100000
11110000100000010000000000101001
01100100100001110000000000001000
10010000100001000000000001100000
00110000011001001111111110100001
10100100011000110000000011111111
00100010010000000000000000011110
00010110010000111001000000000011
10111110101100100000000000010000
11110000100000010000000000101010
00110000011000000000000000100000
11110000011000010000000000101010
10010000100001110000000001100000
00110000011001001111111110100001
10100100011000110000000011111111
00100010010000000000000000011110
00010110010000111001000000000011
10111110101100100000000000010000
11110000100000010000000000101011
00110000100000000000000000100000
11110000100000010000000000101011
10111000000100001111110110101000
00010000110101100000000000000000
00010000101110010000000000000000
10111001111101001110111001100000
00110011000000001111111111111111
00010000101110010000000000000000
10111001111101001110111001010100
11100010110000010000000000100000
11100000011000010000000000100000
00010000101110010000000000000000
01100110110101100000010000011000
01100100011000110000010000010000
10111001111101001110111000111100
10000010110101100001100000000000
11100000011000010000000000100000
00010000101110010000000000000000
01100100011000110000010000001000
10111001111101001110111000101000
10000010110101100001100000000000
11100000011000010000000000100000
00010000101110010000000000000000
10111001111101001110111000011000
10000011010000111011000000000000
00010000101110010000000000000000
10111001111101001110111000001100
11100010110000010000000000100000
11100000011000010000000000100000
00010000101110010000000000000000
01100110110101100000010000011000
01100100011000110000010000010000
10111001111101001110110111110100
10000010110101100001100000000000
11100000011000010000000000100000
00010000101110010000000000000000
01100100011000110000010000001000
10111001111101001110110111100000
10000010110101100001100000000000
11100000011000010000000000100000
10111110000110100000000001001100
10000011011000111011000000000000
10110000000000000001000000000000
00110010110000000000000000000000
00010010111110101011000000000000
10111001111101001110110111000000
00010000101110010000000000000000
11100000011000010000000000100000
01100100101110000000000000001000
11110000011101100000000000000000
11100000011000010000000000100000
00110010110101100000000000000001
10001000011110000001100000000000
10100100011000110000000011111111
01100100011000110000010000000010
11101000100000110010010110100000
00010110010101111011000000000000
10111110001100101111111111010000
10001011000001010010000000000000
00110000101000000010010011011000
10111001111101001111001111010000
00010000110110100000000000000000
00110000101000000010010011101100
10111001111101001111001111000100
10000000000000000000000000000000
00010110010110001101100000000000
10111100000100100000000000101100
00110000101000000010010100000100
10111001111101001111001110110000
10000000000000000000000000000000
10111000000000001111100001000000
00110000101000000010001111101000
10111001111101001111001110100000
10000000000000000000000000000000
10111000000000001111100000110000
10111000000100001111100110001000
00110011000000110000000000000001
00110000101000000010000101100100
10111001111101001111001110001000
10000000000000000000000000000000
00110000101000000010010001010100
10111001111101001111001101111100
10000000000000000000000000000000
10110000000000000001000000000000
00110000011000000010000000000000
10010000000000110000000001110100
00110000011000110000000000100000
10110000000000000001000000000000
10101010010000110100000000000000
10111100001100101111111111110000
00110000101000000010000101100100
10111001111101001111001101010100
10000000000000000000000000000000
00110000101000000010010001101100
10111001111101001111001101001000
10000000000000000000000000000000
10110000000000000001000000000000
00110000100000000000000000000000
10011001111111000010000000000000
10000000000000000000000000000000
10111000000000001111011111001000
10110110000100010000000000000000
10000000000000000000000000000000
10110110100100010000000000000000
10000000000000000000000000000000
10110110001011100000000000000000
10000000000000000000000000000000
10110110000011110000000000001000
10000000000000000000000000000000
10110110000011110000000000001000
10000000000000000000000000000000
00110000001000011111111111100000
00010000110000000000000000000000
11111010011000010000000000011100
11111001111000010000000000000000
10111001111101000000000000100100
00010010011001010000000000000000
11101000101000000010100110100000
11101000011001010000000000101000
10111100000000110000000000001100
10011001111111000001100000000000
10000000000000000000000000000000
10111001111101001110101011011100
00010000101100110000000000000000
11101000011000000010100110100000
00110000001000011111111111010000
11111011000000010000000000101000
11111011001000010000000000101100
11111001111000010000000000000000
11111010011000010000000000011100
11111010110000010000000000100000
11111010111000010000000000100100
11101010110000110000000001001000
00010011001001010000000000000000
10111110000101100000000001000100
00010011000001100000000000000000
11101000011101100000000000000100
00110010011000111111111111111111
10111110010100110000000000110100
11101010111101100000000010001000
10111100000001100000000001100100
10111100000101110000000011010000
01100100101100110000010000000010
00010000011001011011100000000000
11101000100000110000000010000000
00010110010001001100000000000000
10111110000100100000000100000100
00010000011001011011000000000000
00110010011100111111111111111111
10101010010100111111111111111111
10111100001100101111111111100000
11101001111000010000000000000000
11101010011000010000000000011100
11101010110000010000000000100000
11101010111000010000000000100100
11101011000000010000000000101000
11101011001000010000000000101100
10110110000011110000000000001000
00110000001000010000000000110000
10011001111111000011100000000000
11001000101101110010100000000000
00110010011100111111111111111111
10101010010100111111111111111111
10111110000100101111111111010100
11101001111000010000000000000000
11101000100101100000000000000100
01100100101100110000010000000010
00110000100001001111111111111111
00010000011001011011000000000000
00010110010001001001100000000000
10111110000100100000000010011100
11101000111000110000000000001000
00010000011001011011000000000000
11111000000000110000000000001000
10111100000001111111111111001100
10111110000101110000000001101100
00110000100000000000000000000001
11101000011101110000000100000000
01000100100001001001110000000000
10000100011001000001100000000000
10111100000000110000000001011000
11101000011101110000000100000100
10000100011001000001100000000000
10111100001000111111111110100000
11001000110101110010100000000000
00010000101110010000000000000000
10011001111111000011100000000000
00110010011100111111111111111111
10101010010100111111111111111111
10111110001100101111111110100000
11101001111000010000000000000000
10111000000100001111111101101000
11101010011000010000000000011100
00110010011100111111111111111111
10101010010100111111111111111111
10111110000100101111111101010000
00110010011100111111111111111111
10101010010100111111111111111111
10111110001100101111111111110000
00110010011100111111111111111111
10111000000100001111111101000000
11101001111000010000000000000000
10011001111111000011100000000000
00110010011100111111111111111111
10101010010100111111111111111111
10111110001100101111111101100000
11101001111000010000000000000000
10111000000100001111111100101000
11101010011000010000000000011100
10111000000100001111111101110100
11111010011101100000000000000100
11101000100101100000000000000100
00110000100001001111111111111111
00010110010001001001100000000000
10111110000100100000000001011000
11101000111000110000000000001000
00010000011001011011000000000000
11111000000000110000000000001000
10111100000001111111111011101000
10111110000101110000000000111000
00110000100000000000000000000001
11101000011101110000000100000000
01000100100001001001110000000000
10000100011001000001100000000000
10111100000000110000000000100100
11101000011101110000000100000100
10000100011001000001100000000000
10111100001000110000000000101100
11001000110101110010100000000000
10011001111111000011100000000000
00010000101110010000000000000000
10111000000100001111111010111000
00110010011100111111111111111111
10011001111111000011100000000000
00110010011100111111111111111111
10111000000000001111111010101000
10111000000100001111111110111000
11111010011101100000000000000100
10011001111111000011100000000000
11001000101101110010100000000000
10111000000100001111111010010100
00110010011100111111111111111111
11101000011000000010101010101100
00110000001000011111111111100000
11111010011000010000000000011100
00110010011000000010101010101100
10101010010000111111111111111111
10111110000100100000000000011100
11111001111000010000000000000000
10011001111111000001100000000000
00110010011100111111111111111100
11101000011100110000000000000000
10101010010000111111111111111111
10111100001100101111111111110000
11101001111000010000000000000000
11101010011000010000000000011100
10110110000011110000000000001000
00110000001000010000000000100000
00110000001000011111111111111000
11011001111000000000100000000000
00110001011000000010110011011000
10010100000010111100100000000010
00110001011000000010101111101100
10010100000010111100100000000000
10111001111101001110100100001000
10000000000000000000000000000000
10111001111101001111111110100000
10000000000000000000000000000000
11001001111000000000100000000000
10110110000011110000000000001000
00110000001000010000000000001000
00110000001000011111111111111000
11011001111000000000100000000000
10111001111101001110100010000100
10000000000000000000000000000000
11001001111000000000100000000000
10110110000011110000000000001000
00110000001000010000000000001000
00000000000000000000000000000000
00000000000000000000000000000000
00000000000000000000000000000000
00000000000000000000000000000000
00000000000000000000000000000000
00000000000000000000000000000000
00000000000000000000000000000000
00000000000000000000000000000000
00000000000000000000000000000000
00000000000000000000000000000000
00000000000000000000000000000000
00000000000000000000000000000000
00000000000000000000000000000000
00000000000000000000000000000000
00000000000000000000000000000000
00000000000000000000000000000000
00000000000000000000000000000000
00000000000000000000000000000000
00000000000000000000000000000000
00000000000000000000000000000000
00000000000000000000000000000000
00000000000000000000000000000000
00000000000000000000000000000000
00000000000000000000000000000000
00000000000000000000000000000000
00000000000000000000000000000000
00000000000000000000000000000000
00000000000000000000000000000000
00000000000000000000000000000000
00000000000000000000000000000000
00000000000000000000000000000000
00000000000000000000000000000000
00000000000000000000000000000000
00000000000000000000000000000000
00000000000000000000000000000000
00000000000000000000000000000000
00000000000000000000000000000000
00000000000000000000000000000000
00000000000000000000000000000000
00000000000000000000000000000000
00000000000000000000000000000000
00000000000000000000000000000000
00000000000000000000000000000000
00000000000000000000000000000000
00000000000000000000000000000000
00000000000000000000000000000000
00000000000000000000000000000000
00000000000000000000000000000000
00000000000000000000000000000000
00000000000000000000000000000000
00000000000000000000000000000000
00000000000000000000000000000000
00000000000000000000000000000000
00000000000000000000000000000000
00000000000000000000000000000000
00000000000000000000000000000000
00000000000000000000000000000000
00000000000000000000000000000000
00000000000000000000000000000000
00000000000000000000000000000000
00000000000000000000000000000000
00000000000000000000000000000000
00000000000000000000000000000000
00000000000000000000000000000000
00000000000000000000000000000000
00000000000000000000000000000000
00000000000000000000000000000000
00000000000000000000000000000000
00000000000000000000000000000000
00000000000000000000000000000000
00000000000000000000000000000000
00000000000000000000000000000000
00000000000000000000000000000000
00000000000000000000000000000000
00000000000000000000000000000000
00000000000000000000000000000000
00000000000000000000000000000000
00000000000000000000000000000000
00000000000000000000000000000000
00000000000000000000000000000000
00000000000000000000000000000000
00000000000000000000000000000000
00000000000000000000000000000000
00000000000000000000000000000000
00000000000000000000000000000000
00000000000000000000000000000000
00000000000000000000000000000000
00000000000000000000000000000000
00000000000000000000000000000000
00000000000000000000000000000000
00000000000000000000000000000000
00000000000000000000000000000000
00000000000000000000000000000000
00000000000000000000000000000000
00000000000000000000000000000000
00000000000000000000000000000000
00000000000000000000000000000000
00000000000000000000000000000000
00000000000000000000000000000000
00000000000000000000000000000000
00000000000000000000000000000000
00000000000000000000000000000000
00000000000000000000000000000000
00000000000000000000000000000000
00000000000000000000000000000000
00000000000000000000000000000000
00000000000000000000000000000000
00000000000000000000000000000000
00000000000000000000000000000000
00000000000000000000000000000000
00000000000000000000000000000000
00000000000000000000000000000000
00000000000000000000000000000000
00000000000000000000000000000000
00000000000000000000000000000000
00000000000000000000000000000000
00000000000000000000000000000000
00000000000000000000000000000000
00000000000000000000000000000000
00000000000000000000000000000000
00000000000000000000000000000000
00000000000000000000000000000000
00000000000000000000000000000000
00000000000000000000000000000000
00000000000000000000000000000000
00000000000000000000000000000000
00000000000000000000000000000000
00000000000000000000000000000000
00000000000000000000000000000000
00000000000000000000000000000000
00000000000000000000000000000000
00000000000000000000000000000000
00000000000000000000000000000000
00000000000000000000000000000000
00000000000000000000000000000000
00000000000000000000000000000000
00000000000000000000000000000000
00000000000000000000000000000000
00000000000000000000000000000000
00000000000000000000000000000000
00000000000000000000000000000000
00000000000000000000000000000000
00000000000000000000000000000000
00000000000000000000000000000000
00000000000000000000000000000000
00000000000000000000000000000000
00000000000000000000000000000000
00000000000000000000000000000000
00000000000000000000000000000000
00000000000000000000000000000000
00000000000000000000000000000000
00000000000000000000000000000000
00000000000000000000000000000000
00000000000000000000000000000000
00000000000000000000000000000000
00000000000000000000000000000000
00000000000000000000000000000000
00000000000000000000000000000000
00000000000000000000000000000000
00000000000000000000000000000000
00000000000000000000000000000000
00000000000000000000000000000000
00000000000000000000000000000000
00000000000000000000000000000000
00000000000000000000000000000000
00000000000000000000000000000000
00000000000000000000000000000000
00000000000000000000000000000000
00000000000000000000000000000000
00000000000000000000000000000000
00000000000000000000000000000000
00000000000000000000000000000000
00000000000000000000000000000000
00000000000000000000000000000000
00000000000000000000000000000000
00000000000000000000000000000000
00000000000000000000000000000000
00000000000000000000000000000000
00000000000000000000000000000000
00000000000000000000000000000000
00000000000000000000000000000000
00000000000000000000000000000000
00000000000000000000000000000000
00000000000000000000000000000000
00000000000000000000000000000000
00000000000000000000000000000000
00000000000000000000000000000000
00000000000000000000000000000000
00000000000000000000000000000000
00000000000000000000000000000000
00000000000000000000000000000000
00000000000000000000000000000000
00000000000000000000000000000000
00000000000000000000000000000000
00000000000000000000000000000000
00000000000000000000000000000000
00000000000000000000000000000000
00000000000000000000000000000000
00000000000000000000000000000000
00000000000000000000000000000000
00000000000000000000000000000000
00000000000000000000000000000000
00000000000000000000000000000000
00000000000000000000000000000000
00000000000000000000000000000000
00000000000000000000000000000000
00000000000000000000000000000000
00000000000000000000000000000000
00000000000000000000000000000000
00000000000000000000000000000000
00000000000000000000000000000000
00000000000000000000000000000000
00000000000000000000000000000000
00000000000000000000000000000000
00000000000000000000000000000000
00000000000000000000000000000000
00000000000000000000000000000000
00000000000000000000000000000000
00000000000000000000000000000000
00000000000000000000000000000000
00000000000000000000000000000000
00000000000000000000000000000000
00000000000000000000000000000000
00000000000000000000000000000000
00000000000000000000000000000000
00000000000000000000000000000000
00000000000000000000000000000000
00000000000000000000000000000000
00000000000000000000000000000000
00000000000000000000000000000000
00000000000000000000000000000000
00000000000000000000000000000000
00000000000000000000000000000000
00000000000000000000000000000000
00000000000000000000000000000000
00000000000000000000000000000000
00000000000000000000000000000000
00000000000000000000000000000000
00000000000000000000000000000000
00000000000000000000000000000000
00000000000000000000000000000000
00000000000000000000000000000000
00000000000000000000000000000000
00000000000000000000000000000000
00000000000000000000000000000000
00000000000000000000000000000000
00000000000000000000000000000000
00000000000000000000000000000000
00000000000000000000000000000000
00000000000000000000000000000000
00000000000000000000000000000000
00000000000000000000000000000000
00000000000000000000000000000000
00000000000000000000000000000000
00000000000000000000000000000000
00000000000000000000000000000000
00000000000000000000000000000000
00000000000000000000000000000000
00000000000000000000000000000000
00000000000000000000000000000000
00000000000000000000000000000000
00000000000000000000000000000000
00000000000000000000000000000000
00000000000000000000000000000000
00000000000000000000000000000000
00000000000000000000000000000000
00000000000000000000000000000000
00000000000000000000000000000000
00000000000000000000000000000000
00000000000000000000000000000000
00000000000000000000000000000000
00000000000000000000000000000000
00000000000000000000000000000000
00000000000000000000000000000000
00000000000000000000000000000000
00000000000000000000000000000000
00000000000000000000000000000000
00000000000000000000000000000000
00000000000000000000000000000000
00000000000000000000000000000000
00000000000000000000000000000000
00000000000000000000000000000000
00000000000000000000000000000000
00000000000000000000000000000000
00000000000000000000000000000000
00000000000000000000000000000000
00000000000000000000000000000000
00000000000000000000000000000000
00000000000000000000000000000000
00000000000000000000000000000000
00000000000000000000000000000000
00000000000000000000000000000000
00000000000000000000000000000000
00000000000000000000000000000000
00000000000000000000000000000000
00000000000000000000000000000000
00000000000000000000000000000000
00000000000000000000000000000000
00000000000000000000000000000000
00000000000000000000000000000000
00000000000000000000000000000000
00000000000000000000000000000000
00000000000000000000000000000000
00000000000000000000000000000000
00000000000000000000000000000000
00000000000000000000000000000000
00000000000000000000000000000000
00000000000000000000000000000000
00000000000000000000000000000000
00000000000000000000000000000000
00000000000000000000000000000000
00000000000000000000000000000000
00000000000000000000000000000000
00000000000000000000000000000000
00000000000000000000000000000000
00000000000000000000000000000000
00000000000000000000000000000000
00000000000000000000000000000000
00000000000000000000000000000000
00000000000000000000000000000000
00000000000000000000000000000000
00000000000000000000000000000000
00000000000000000000000000000000
00000000000000000000000000000000
00000000000000000000000000000000
00000000000000000000000000000000
00000000000000000000000000000000
00000000000000000000000000000000
00000000000000000000000000000000
00000000000000000000000000000000
00000000000000000000000000000000
00000000000000000000000000000000
00000000000000000000000000000000
00000000000000000000000000000000
00000000000000000000000000000000
00000000000000000000000000000000
00000000000000000000000000000000
00000000000000000000000000000000
00000000000000000000000000000000
00000000000000000000000000000000
00000000000000000000000000000000
00000000000000000000000000000000
00000000000000000000000000000000
00000000000000000000000000000000
00000000000000000000000000000000
00000000000000000000000000000000
00000000000000000000000000000000
00000000000000000000000000000000
00000000000000000000000000000000
00000000000000000000000000000000
00000000000000000000000000000000
00000000000000000000000000000000
00000000000000000000000000000000
00000000000000000000000000000000
00000000000000000000000000000000
00000000000000000000000000000000
00000000000000000000000000000000
00000000000000000000000000000000
00000000000000000000000000000000
00000000000000000000000000000000
00000000000000000000000000000000
00000000000000000000000000000000
00000000000000000000000000000000
00000000000000000000000000000000
00000000000000000000000000000000
00000000000000000000000000000000
00000000000000000000000000000000
00000000000000000000000000000000
00000000000000000000000000000000
00000000000000000000000000000000
00000000000000000000000000000000
00000000000000000000000000000000
00000000000000000000000000000000
00000000000000000000000000000000
00000000000000000000000000000000
00000000000000000000000000000000
00000000000000000000000000000000
00000000000000000000000000000000
00000000000000000000000000000000
00000000000000000000000000000000
00000000000000000000000000000000
00000000000000000000000000000000
00000000000000000000000000000000
00000000000000000000000000000000
00000000000000000000000000000000
00000000000000000000000000000000
00000000000000000000000000000000
00000000000000000000000000000000
00000000000000000000000000000000
00000000000000000000000000000000
00000000000000000000000000000000
00000000000000000000000000000000
00000000000000000000000000000000
00000000000000000000000000000000
00000000000000000000000000000000
00000000000000000000000000000000
00000000000000000000000000000000
00000000000000000000000000000000
00000000000000000000000000000000
00000000000000000000000000000000
00000000000000000000000000000000
00000000000000000000000000000000
00000000000000000000000000000000
00000000000000000000000000000000
00000000000000000000000000000000
00000000000000000000000000000000
00000000000000000000000000000000
00000000000000000000000000000000
00000000000000000000000000000000
00000000000000000000000000000000
00000000000000000000000000000000
00000000000000000000000000000000
00000000000000000000000000000000
00000000000000000000000000000000
00000000000000000000000000000000
00000000000000000000000000000000
00000000000000000000000000000000
00000000000000000000000000000000
00000000000000000000000000000000
00000000000000000000000000000000
00000000000000000000000000000000
00000000000000000000000000000000
00000000000000000000000000000000
00000000000000000000000000000000
00000000000000000000000000000000
00000000000000000000000000000000
00000000000000000000000000000000
00000000000000000000000000000000
00000000000000000000000000000000
00000000000000000000000000000000
00000000000000000000000000000000
00000000000000000000000000000000
00000000000000000000000000000000
00000000000000000000000000000000
00000000000000000000000000000000
00000000000000000000000000000000
00000000000000000000000000000000
00000000000000000000000000000000
00000000000000000000000000000000
00000000000000000000000000000000
00000000000000000000000000000000
00000000000000000000000000000000
00000000000000000000000000000000
00000000000000000000000000000000
00000000000000000000000000000000
00000000000000000000000000000000
00000000000000000000000000000000
00000000000000000000000000000000
00000000000000000000000000000000
00000000000000000000000000000000
00000000000000000000000000000000
00000000000000000000000000000000
00000000000000000000000000000000
00000000000000000000000000000000
00000000000000000000000000000000
00000000000000000000000000000000
00000000000000000000000000000000
00000000000000000000000000000000
00000000000000000000000000000000
00000000000000000000000000000000
00000000000000000000000000000000
00000000000000000000000000000000
00000000000000000000000000000000
00000000000000000000000000000000
00000000000000000000000000000000
00000000000000000000000000000000
00000000000000000000000000000000
00000000000000000000000000000000
00000000000000000000000000000000
00000000000000000000000000000000
00000000000000000000000000000000
00000000000000000000000000000000
00000000000000000000000000000000
00000000000000000000000000000000
00000000000000000000000000000000
00000000000000000000000000000000
00000000000000000000000000000000
00000000000000000000000000000000
00000000000000000000000000000000
00000000000000000000000000000000
00000000000000000000000000000000
00000000000000000000000000000000
00000000000000000000000000000000
00000000000000000000000000000000
00000000000000000000000000000000
00000000000000000000000000000000
00000000000000000000000000000000
00000000000000000000000000000000
00000000000000000000000000000000
00000000000000000000000000000000
00000000000000000000000000000000
00000000000000000000000000000000
00000000000000000000000000000000
00000000000000000000000000000000
00000000000000000000000000000000
00000000000000000000000000000000
00000000000000000000000000000000
00000000000000000000000000000000
00000000000000000000000000000000
00000000000000000000000000000000
00000000000000000000000000000000
00000000000000000000000000000000
00000000000000000000000000000000
00000000000000000000000000000000
00000000000000000000000000000000
00000000000000000000000000000000
00000000000000000000000000000000
00000000000000000000000000000000
00000000000000000000000000000000
00000000000000000000000000000000
00000000000000000000000000000000
00000000000000000000000000000000
