00000000
00000000
00010101
00000000
00010101
00000000
00000000
00000000
00010101
00000000
00000000
00000000
00000000
00000000
00000000
00000000
00000000
00000000
00000000
00000000
00101010
00101001
00101100
00000000
00000000
00010101
00000000
00000000
00101010
11111111
00000000
00000000
00000000
00000000
00101001
00100000
00000000
00101001
00000000
11111111
00000000
00000000
00000000
00000000
00101010
00011000
00000000
00000000
00101010
00000000
00000000
00000000
00000000
00000000
11111111
00101010
00101010
00000000
00000000
00011000
00000000
00101010
00000000
00000000
00000000
00000000
00101010
00000000
00100000
00000000
00000000
00000000
00000000
11111111
00000000
00101010
00101010
00111000
00000000
00000000
00000000
00111000
11111111
00101010
00101010
00111000
00000000
00000000
00000000
00111000
11111111
00010011
00000000
00010110
00000000
00000000
00000000
00001010
00000000
00000000
00010110
00000000
00010011
00000000
00000000
00000000
00000000
00000000
00100000
00000000
00000000
00000000
11111111
00000000
00000000
00100000
00000000
00000000
00000000
11111111
00000000
00000000
00000000
00100000
00000000
00000000
00100000
00000000
00100000
00000000
00000000
00000000
11111111
00000000
00000000
00100000
00000000
00000000
00000000
11111111
00100000
00000000
00000000
00000000
00000000
11111111
00000000
00000000
00000000
00000000
00000000
00000000
00000000
00000000
00000000
00000000
00000000
00000000
11111111
00000000
11111111
00000000
11111111
00000000
00000000
00000000
00000000
00000000
00000000
00000000
00000000
00000000
00000000
00000000
00000000
00000000
00000001
00000000
00000000
00000000
00100000
00000000
11111111
00000000
11111111
00100000
00000000
11000000
00000000
00000000
00000000
00000000
00000000
00000000
00000000
00000000
00000000
00000000
00000000
00000000
11111110
11111111
11111111
00000000
00000000
00000000
00000000
00000000
00000000
00000000
00000000
00000000
00000000
00000000
00000000
11111110
11111111
11111111
00000000
11000000
00000000
00000000
00000000
00000000
00000000
00000000
00000000
00000000
00000000
00000000
00000000
00000000
11111111
00000000
00000000
00000000
11111110
00000000
00000000
00000000
11111111
00000000
11111111
11111111
11000000
00000000
00000000
00000000
00000000
11111111
00000000
11111111
00000000
11111111
00000000
00000000
00000000
00000000
00000000
11111111
00000000
00000000
11111111
00000000
11111111
11000000
00000000
00000000
00000000
00000000
00000000
00000000
00000000
00000000
11111111
00000000
11111110
11111111
00000000
00000000
00000000
00000000
00000000
00000000
00000000
00000000
00000000
00000000
00000000
00000000
00000000
00000000
00000000
00000000
00000000
00110000
11111111
00111000
00110000
00000000
00000000
10010000
00000000
01001000
11111111
00000000
11111111
00000000
00000000
00000000
00000000
00000000
00000000
11111101
00000000
00011000
00000000
00000000
00000000
00000000
00000000
00000000
00000000
00000000
00000000
11111111
11111111
00000000
00000000
11111111
00000000
00000000
00000000
00000000
00000000
00000000
00000000
00000000
00000000
00000000
00000000
00000000
11111111
11111111
00000000
11111111
00000000
00000000
11111111
00000000
00000000
00000000
00000000
00000000
00000000
11111100
00000000
11111111
00000000
11111100
00000000
11111111
11111111
11111111
00000000
00000000
00000000
00000000
00000000
00000000
00000000
00000000
00000000
00000000
00000001
00000000
00000000
00000000
00000000
00000000
00000001
00000000
00000000
00000000
00000000
00000000
00000000
00000000
00000000
00000000
00000000
00000001
00000000
11111111
00000000
00000000
00000000
00000000
00000000
11111111
00000000
00000001
00000000
00000000
00000000
00000000
00000000
00000000
00000000
00000000
00000000
11111111
00000000
11111111
00000000
11111111
00000000
00000000
10010000
00000000
00000000
00000100
00000000
00000000
00111000
00011000
00110000
00000000
11111111
00000000
00000000
10010000
11111111
11111111
00000000
00000000
00000000
00000000
00000000
00000000
00000000
00000000
00000000
00000001
00000000
00000000
00000001
00000000
11111111
00000000
00000000
00000000
00000000
11111011
00000000
00000000
00011000
00000000
11111110
00000000
00000000
00000000
00000000
00000000
00000000
00000000
00000000
00000000
00000000
00000000
00000000
00000000
00000000
11111010
00000000
11111110
00000000
00000000
00000000
11111110
00000000
00000000
00000000
00000000
11111010
00000000
11111110
00011000
00000000
00000000
00000000
00000000
00000000
11111100
00000000
00011000
11111110
00000000
00000000
00000000
00000000
00000000
00000000
11111100
00000000
00011000
11111110
00000000
00000000
00000000
00000000
00000000
11111100
00000000
00011000
11111110
00000000
00000000
11111111
00000000
00100000
11111111
00000000
00000000
00000000
00000000
00000000
00000000
11111111
00000000
00000000
00000000
00000000
11111101
00000000
00000000
00000000
00000000
00000000
00000000
00000000
00000000
00000000
00000000
11111111
00000000
00000000
00000000
11111101
00000000
00000000
00000000
00000000
00000000
00000000
00000010
00000000
00000000
00000000
00000010
00000000
11111111
00000000
10010000
00000000
00000000
11111111
00000000
10010000
00000000
11111111
11111111
11111111
00000000
10010000
00000010
00000000
00000000
00000000
11111111
00000000
10010000
00000000
00000000
11111111
00000000
10010000
00000000
11111111
11111111
11111111
00000000
10010000
00000001
00000000
00000000
00111000
00000000
00000000
11111111
00000000
10010000
00000000
00100000
11111111
00000000
10010000
00000000
11111111
11111111
00000000
10010000
00000001
11111111
00000000
00100000
00000000
00000000
11111111
00000000
10010000
00000000
00100000
11111111
00000000
10010000
00000000
11111111
11111111
00000000
10010000
00000001
11111111
00000000
00100000
00000000
00000000
11111111
00000000
10010000
00000000
00100000
11111111
00000000
10010000
00000000
11111111
11111111
00000000
10010000
00000001
11111111
00000000
00100000
00000000
00000000
11111111
00000000
10010000
00000000
00100000
11111111
00000000
10010000
00000000
11111111
11111111
00000000
10010000
00000000
11111111
00000000
00100000
00000000
00000000
11111111
00000000
10010000
00000000
00100000
11111111
00000000
10010000
00000000
11111111
11111111
00000000
10010000
00000000
11111111
00000000
00100000
00000000
00000000
11111111
00000000
10010000
00000000
00100000
11111111
00000000
10010000
00000000
11111111
11111111
00000000
10010000
00000000
11111111
00000000
00100000
00000000
00000000
11111111
00000000
10010000
00000000
00100000
00100000
00011000
00000000
00000000
00000000
00000000
00000000
00000000
11111111
00000000
10010000
11111111
11111111
11111111
00000000
10010000
11111111
11111111
11111111
00100000
00000000
00000000
00000000
00000000
00000000
11111101
11111111
00000000
00000000
11111101
00000000
00000000
00000000
11111101
00000000
00000000
00000000
00000000
00100000
11111111
00000000
00000000
00000000
00000000
00000000
00000000
00000000
00000000
00000000
00000000
11111100
00000000
00100000
00100000
11111100
00000000
00100000
11111100
00000000
00100000
11111100
00000000
00100101
00100000
11111100
00000000
00100000
00100101
11111100
00000000
00100000
11111100
00000000
00100000
11111100
00000000
00100001
11111011
00000000
00100001
11111011
00000000
00100000
11111011
00000000
00100001
11111011
00000000
00010000
00100000
00000000
00000000
00010000
01000000
11111111
00010000
00000000
00000000
00000000
00010000
00100000
11111111
00000000
00000000
00000000
00000000
00100001
00000000
11111011
00000000
00100001
00000000
11111011
00000000
00100001
11111011
00000000
00100001
11111011
00000000
00100001
11111011
00000000
00100010
11111011
00000000
00100010
11111011
00000000
00100010
11111011
00000000
00100010
11111011
00000000
00100010
11111011
00000000
00100011
11111011
00000000
00100011
11111010
00000000
00100011
11111010
00000000
00100011
11111010
00000000
00100011
11111010
00000000
00000000
00000000
00011000
00000000
00000000
11111111
00000000
11110100
00000000
11110100
00000000
00000000
10110000
00000000
00000000
00000000
00000000
00000000
11111111
00000000
11111111
00000000
00000000
10010000
00000000
00000100
00100101
00100000
00100101
11111010
00000000
11111110
00000000
00000000
11111010
00000000
00000000
00000000
00000000
11111010
00000000
00000000
00000000
00000110
00000000
00000110
00000000
00000000
11111110
00000000
00000000
00000010
11111111
00000000
00000000
10010000
00000000
00000000
00000000
00000000
00000000
00000000
11111111
00000000
00000000
10010000
00000000
00000000
00000000
00000000
00000000
00000000
11111111
00000000
00000000
10010000
00000000
00000000
00000000
00000000
00000000
11111111
00000000
00000000
10010000
00000000
00000000
00000000
00000000
00000000
00000000
00000000
00000000
00100100
00000000
00000000
00000000
00000000
00000000
00000000
11111001
00000000
11000000
11111111
00000000
11111101
11111111
00100100
11111001
00000000
00010000
00000000
00000000
00000000
00010000
00000000
11111111
00100001
11111000
00000000
11111101
00100100
11111000
00000000
00010000
00100000
00000000
00000000
00010000
01000000
11111111
00100001
11111000
00000000
11111101
00100001
11111000
00000000
00010000
00100000
00000000
00000000
00010000
01000000
11111111
00010000
00000000
00000000
00000000
00010000
00100000
11111111
00000000
00000000
00000000
00000000
00100001
11111000
00000000
11111100
00000000
00000000
11111000
00000000
00000000
00000000
00000100
00100100
11111000
00000000
10110000
00000000
11111100
00100100
11111000
00000000
10000000
00100100
11111000
00000000
00000000
00100100
11110111
00000000
00000000
00100100
00000000
11110111
00000000
00100100
11110111
00000000
11111100
00000000
00000000
11110111
00000000
00000000
00000000
00000100
00000000
00000010
11111111
00000000
00000000
10010000
00000000
00000000
00000000
00000000
00000000
00000000
11111111
00000000
00000000
10010000
00000000
00000000
00000000
00000000
00000000
00000000
11111111
00000000
00000000
10010000
00000000
00000000
00000000
00000000
00000000
11111111
00000000
00000000
10010000
00000000
00000000
00000000
00000000
00000000
00000000
00000000
00000000
00100100
00000000
00000000
00000000
00000000
11110110
00000000
11111011
00000000
00000000
11110111
00000000
00000000
00000000
00000011
00000000
11110000
11111111
00000000
11110000
00000000
00000000
00000000
00000100
00000100
11110000
00011000
00000000
00000000
00000100
11110000
00011000
00000000
00000000
11110000
10110000
00000000
11110000
00000000
00000000
00000000
00000100
00000100
11110000
00011000
00000000
00000000
00000100
11101111
00011000
00000000
00000000
10110000
00000000
11000000
11101111
00000000
00000000
00000000
00000000
00000000
00000000
00011000
00000000
00000100
00100101
10111000
11111111
00100000
00100100
11110101
00000000
00100100
11110101
00000000
11010000
00000010
00100001
11110101
00000000
00100100
11110101
00000000
00010000
00100000
00000000
00000000
00010000
01000000
11111111
00100001
11110101
00000000
11111010
00000000
00000000
11110101
00000000
00000000
00000000
00000000
11110101
00000000
00000000
00000000
00000001
00000000
00000000
00000010
11111111
00000000
00000000
10010000
00000000
00000000
00000000
00000000
00000000
00000000
11111111
00000000
00000000
10010000
00000000
00000000
00000000
00000000
00000000
00000000
11111111
00000000
00000000
10010000
00000000
00000000
00000000
00000000
00000000
11111111
00000000
00000000
10010000
00000000
00000000
00000000
00000000
11111101
00000000
00000000
11101110
11111111
00000000
11101110
00000000
00000000
00000000
00000100
00000100
11101110
00011000
00000000
00000000
00000100
11101110
00011000
00000000
00000000
11101110
10110000
00000000
11101110
00000000
00000000
00000000
00000100
00000100
11101101
00011000
00000000
00000000
00000100
11101101
00011000
00000000
00000000
10110000
00010000
00000000
10110000
11101101
00000000
00000000
00000000
00000000
00000000
00000000
00011000
00000000
00000100
00100101
10110000
11111111
00100000
00100100
11110011
00000000
00100100
11110011
00000000
11011000
00000000
00100101
11110011
00000000
11111000
00100011
11110011
00000000
11111000
11111001
00000000
00100001
11110011
00000000
00100100
11110011
00000000
00010000
00100000
00000000
00000000
00010000
01000000
11111111
00100001
11110011
00000000
00100100
11110011
00000000
00010000
00000000
00100000
00000000
11110111
00000000
00000000
00000000
00000000
00000000
00000000
00000000
00000000
00000000
00000000
11111111
00000000
00000000
00000000
00000000
00000000
00101001
00000000
00000000
00011000
00000000
11101010
00000000
00101001
11111111
00000000
00000000
00000000
00000000
00000000
00000000
00000000
00000000
00000000
00000000
00000000
11111111
00000000
00000000
00000000
00000000
00000100
10111000
00000000
11000000
00000001
10110000
11111111
11111111
11111111
00000000
00000000
00000000
00000000
00000000
00000000
00000000
00000000
00111000
00101000
11111111
11111111
11111111
00000000
00000000
00000100
11111111
10110000
10011000
00000000
00000000
10110000
00000000
11111111
00000000
00000000
00000001
10011100
00011000
00000000
00000001
00011000
11111111
00101000
00000000
00111000
11111111
11111111
11111111
00000000
11111111
00000000
11111111
11111111
11111111
11111111
11111111
11111111
11111111
11111111
00000000
00111000
11111111
11111111
11111111
00000000
11111111
00000000
11111111
00000000
00000000
11111111
10011000
00000000
00000000
10110000
00000000
11111110
00000000
00000000
00000001
10011100
00011000
00000000
00000001
00011000
00000000
00101000
00111000
00000000
11111110
11111111
00111000
11111111
11111110
11111111
00000000
00111000
00101000
11111110
11111111
00101010
11111111
00000000
00101010
11111111
00000000
00000000
00011000
11111111
00000000
11111111
11111111
00000000
00000000
00000000
00000000
11111111
00001000
00101100
11001000
00101011
11001000
11101001
00000000
11111111
00000000
00001000
00000000
00000000
11111111
00001000
11101000
00000000
00001000
00000000
00000000
00000000
00000000
00000000
00000000
00000000
00000000
00000000
00000000
00000000
00000000
00000000
00000000
00000000
00000000
00000000
00000000
00000000
00000000
00000000
00000000
00000000
00000000
00000000
00000000
00000000
00000000
00000000
00000000
00000000
00000000
00000000
00000000
00000000
00000000
00000000
00000000
00000000
00000000
00000000
00000000
00000000
00000000
00000000
00000000
00000000
00000000
00000000
00000000
00000000
00000000
00000000
00000000
00000000
00000000
00000000
00000000
00000000
00000000
00000000
00000000
00000000
00000000
00000000
00000000
00000000
00000000
00000000
00000000
00000000
00000000
00000000
00000000
00000000
00000000
00000000
00000000
00000000
00000000
00000000
00000000
00000000
00000000
00000000
00000000
00000000
00000000
00000000
00000000
00000000
00000000
00000000
00000000
00000000
00000000
00000000
00000000
00000000
00000000
00000000
00000000
00000000
00000000
00000000
00000000
00000000
00000000
00000000
00000000
00000000
00000000
00000000
00000000
00000000
00000000
00000000
00000000
00000000
00000000
00000000
00000000
00000000
00000000
00000000
00000000
00000000
00000000
00000000
00000000
00000000
00000000
00000000
00000000
00000000
00000000
00000000
00000000
00000000
00000000
00000000
00000000
00000000
00000000
00000000
00000000
00000000
00000000
00000000
00000000
00000000
00000000
00000000
00000000
00000000
00000000
00000000
00000000
00000000
00000000
00000000
00000000
00000000
00000000
00000000
00000000
00000000
00000000
00000000
00000000
00000000
00000000
00000000
00000000
00000000
00000000
00000000
00000000
00000000
00000000
00000000
00000000
00000000
00000000
00000000
00000000
00000000
00000000
00000000
00000000
00000000
00000000
00000000
00000000
00000000
00000000
00000000
00000000
00000000
00000000
00000000
00000000
00000000
00000000
00000000
00000000
00000000
00000000
00000000
00000000
00000000
00000000
00000000
00000000
00000000
00000000
00000000
00000000
00000000
00000000
00000000
00000000
00000000
00000000
00000000
00000000
00000000
00000000
00000000
00000000
00000000
00000000
00000000
00000000
00000000
00000000
00000000
00000000
00000000
00000000
00000000
00000000
00000000
00000000
00000000
00000000
00000000
00000000
00000000
00000000
00000000
00000000
00000000
00000000
00000000
00000000
00000000
00000000
00000000
00000000
00000000
00000000
00000000
00000000
00000000
00000000
00000000
00000000
00000000
00000000
00000000
00000000
00000000
00000000
00000000
00000000
00000000
00000000
00000000
00000000
00000000
00000000
00000000
00000000
00000000
00000000
00000000
00000000
00000000
00000000
00000000
00000000
00000000
00000000
00000000
00000000
00000000
00000000
00000000
00000000
00000000
00000000
00000000
00000000
00000000
00000000
00000000
00000000
00000000
00000000
00000000
00000000
00000000
00000000
00000000
00000000
00000000
00000000
00000000
00000000
00000000
00000000
00000000
00000000
00000000
00000000
00000000
00000000
00000000
00000000
00000000
00000000
00000000
00000000
00000000
00000000
00000000
00000000
00000000
00000000
00000000
00000000
00000000
00000000
00000000
00000000
00000000
00000000
00000000
00000000
00000000
00000000
00000000
00000000
00000000
00000000
00000000
00000000
00000000
00000000
00000000
00000000
00000000
00000000
00000000
00000000
00000000
00000000
00000000
00000000
00000000
00000000
00000000
00000000
00000000
00000000
00000000
00000000
00000000
00000000
00000000
00000000
00000000
00000000
00000000
00000000
00000000
00000000
00000000
00000000
00000000
00000000
00000000
00000000
00000000
00000000
00000000
00000000
00000000
00000000
00000000
00000000
00000000
00000000
00000000
00000000
00000000
00000000
00000000
00000000
00000000
00000000
00000000
00000000
00000000
00000000
00000000
00000000
00000000
00000000
00000000
00000000
00000000
00000000
00000000
00000000
00000000
00000000
00000000
00000000
00000000
00000000
00000000
00000000
00000000
00000000
00000000
00000000
00000000
00000000
00000000
00000000
00000000
00000000
00000000
00000000
00000000
00000000
00000000
00000000
00000000
00000000
00000000
00000000
00000000
00000000
00000000
00000000
00000000
00000000
00000000
00000000
00000000
00000000
00000000
00000000
00000000
00000000
00000000
00000000
00000000
00000000
00000000
00000000
00000000
00000000
00000000
00000000
00000000
00000000
00000000
00000000
00000000
00000000
00000000
00000000
00000000
00000000
00000000
00000000
00000000
00000000
00000000
00000000
00000000
00000000
00000000
00000000
00000000
00000000
00000000
00000000
00000000
00000000
00000000
00000000
00000000
00000000
00000000
00000000
00000000
00000000
00000000
00000000
