00001000
00000000
00001000
00000000
00001000
00000000
00000000
00000000
00001000
00000000
00000000
00000000
00000000
00000000
00000000
00000000
00000000
00000000
00000000
00000000
10100000
01000000
00100000
11110100
00000000
11110100
10100011
00000000
01100000
00100001
00000011
11100001
00010000
11100001
01100000
11111100
00000000
01100000
10000011
00100100
01100011
00000000
01100000
00000011
10100000
11111100
00000000
01100000
01100000
11100001
00001111
00100001
00000000
01100000
00100001
10100000
11000000
00000011
11100001
11111100
00000000
01100000
00000000
10000000
00000011
11100001
10100000
00000100
11111100
00000000
11100001
00001111
00100001
00100001
11100001
11000000
11100000
01000110
01110010
00000110
11000110
01000110
10010010
11000000
11100000
01000110
01110010
00000110
11000110
01000110
10010010
11110100
00000000
11110100
00000000
11000000
11100000
11110100
10100000
01100011
11110100
00000000
11110100
00000000
11100001
01110011
00001111
00100001
00000000
01100000
01100011
01000011
00110010
00001111
00000000
00000000
01100000
01100011
01000011
00010010
00001111
00000000
10100101
00000000
10100000
10000000
00000000
10000000
00000000
01100000
01100011
01000011
00010010
00001111
00000000
00000000
01100000
01100011
01000011
00110010
00000000
01100000
00001111
01100101
11100101
00100001
11000110
11100001
00000111
10100110
10000111
11000100
01100111
01100011
01100111
11100001
00001111
00100001
11110100
00000000
00010000
11100001
00100001
11000001
00000001
00100001
11100001
01100001
11100001
01000001
00000111
00100101
01100111
11000110
01100110
01100011
00000011
10000011
10000000
10000100
01110110
01100011
00100011
10000100
10000100
01011000
01010010
00000100
00000011
01101000
00100011
01000000
01000000
01101000
00100011
01111000
00111001
11111010
01111000
10110111
11110100
01110011
00110011
10110111
01110110
11111000
01100011
00100011
00000000
01111000
01110111
00111001
11011010
01111000
10110110
11110100
01110011
00110011
10110110
11110111
01110111
11100001
01100001
11000001
11100001
00000001
00100001
01000001
00001111
00100001
01110110
01100011
00000011
11100000
00111001
10100011
11110100
11010110
01110110
01100011
00100011
11110111
00000000
00010000
00000100
01111000
10011001
11100100
10011001
01100011
10000100
00100011
10011001
00010000
01110110
10111000
10011001
11000100
10011001
10100101
01100100
10000011
00100101
01111001
00010000
11110111
10011001
01100100
10011001
11010110
10000100
10011001
01110110
01100011
00100011
11110111
00000000
00100001
11100001
00000001
00100001
11101001
11100001
01100001
11000001
10000110
00101010
00000101
00000110
00100001
00101000
11000100
00000001
10100000
01100001
10000111
01110011
01100100
01100011
11000100
01000000
01000011
10110010
10000011
01100100
01100011
00100110
01110011
00100101
11000101
10111000
11010011
11110111
11110100
00011001
01110110
11100001
01100001
11000001
11100001
00000001
00100001
00001111
00100001
01000111
00110010
10100110
11000110
00000001
00100110
10100000
01100001
00010111
01111001
00000011
00011000
01100000
10011000
01100100
01111000
01100011
01111000
11110111
00010000
11000000
01110011
01100000
11000000
00010000
01110011
11110111
00001010
11000001
01100000
10000001
11110100
01100001
00010000
11100001
11110100
10100000
00010000
11110111
00100001
11000001
11100001
11100001
01100001
00000001
00100001
01100110
11100101
10010011
01100100
00000011
11000011
00000110
11000000
00010000
00100000
00010111
01100100
10010111
01100100
01110111
01100011
01110111
11010110
01110011
10010011
01100100
00000011
01000011
00110010
01110011
10010011
01100100
00000011
01000011
00010010
01000011
00010010
00000000
01100100
01000011
00110010
11000100
01110011
10010011
00001000
01000100
00010010
01110011
01110011
11000100
01100110
01100011
01000000
01000011
01010010
11100000
01100111
01110011
10110011
01100011
01100011
01100011
11000101
10000110
10000100
01000000
01000100
10110010
11100011
01000110
00010010
01000110
00010010
00100111
01000110
00010010
01001000
01000110
00010010
10110111
01000110
00010010
01000110
00110010
11000001
01111000
01110011
01100001
11110100
00000001
10010011
11010110
01100100
00100011
00011000
00010111
01110110
01110111
00000011
01110110
11100001
01100001
11000001
11100001
00000001
00100001
00001111
00100001
11110100
10100011
00010000
11010110
01110011
10010011
00010000
00000000
11011000
00000110
10110111
11110100
00011000
00010000
11010110
11011000
01001000
10110111
11100000
00000000
11110100
00100001
11010110
00010000
00011000
11011000
10110111
00100111
11100000
00000000
11110100
00100001
11010110
00010000
00011000
11011000
01100000
11100000
00000000
11110100
01100001
11010110
00010000
00011000
11011000
00010000
11100000
11000000
00010000
10110111
11000001
11100001
00000001
00100001
01000001
00100001
10100001
11000001
10100001
11100001
11110100
11000001
11100001
00001111
00100001
10100001
11000001
11100001
00000001
00100001
01000001
00100001
10100001
11000001
11100001
11110100
10100000
11100001
00001111
00100001
10000101
01000100
00010010
10000000
01100100
01000011
00010010
00000100
01001000
01000000
01001010
10110010
10100101
01101000
01000000
01000011
10110010
01001000
01101000
01001000
01000000
01000011
01010010
10000000
01100101
00000011
00101000
01000000
01001001
10110010
10100101
01101000
01000000
01000011
10110010
00101000
01101000
00101000
01000000
01000011
01010010
10001010
01100101
10001010
10100101
00000011
01001000
01000000
01001010
10110010
10001001
01101000
01000000
01000011
10110010
01001000
01101000
01000000
01000011
01010010
01001000
01100101
10000111
10100101
00000011
00101000
01000000
01001001
10110010
10001010
01101000
01000000
01000011
10110010
00101000
01101000
01000000
01000011
01010010
00101000
01100101
10000111
10100101
00000011
01001000
01000000
01001010
10110010
10001001
01101000
01000000
01000011
10110010
01001000
01101000
01000000
01000011
01010010
01001000
01100101
10000111
10100101
00000011
00101000
01000000
01001001
10110010
10001010
01101000
01000000
01000011
10110010
00101000
01101000
01000000
01000011
01010010
00101000
01100101
10000111
10100101
00000011
01001000
01000000
01001010
10110010
10001001
01101000
01000000
01000011
10110010
01001000
01101000
01000000
01000011
01010010
01001000
01100101
10000111
10100101
00000011
01101000
01000000
01001011
10110010
10001010
01101000
01000000
01000011
10110010
01101000
01101000
01000000
01000011
01010010
01101000
01100101
10000111
10100101
00100011
00001001
01000000
01001000
01010010
10001011
01100111
10001000
00000110
10100110
00001100
10000100
00001111
01100100
01101001
01000000
01000011
10110010
00001001
01101001
01000000
01000011
01010010
00001001
00010000
01100111
01100101
01000011
00010010
01100100
10100101
00010000
01000011
10100101
10000101
00010000
10000000
10100101
10000101
00010000
11100000
11000000
11100110
00000110
10100000
00100001
11100001
01100001
11000001
11100001
00000001
00100001
01000001
01100001
10000001
10100001
11110100
00000001
11000000
10100000
11110100
00000000
10100000
11110100
00000000
10100000
11110100
00000000
11000000
10100000
11110100
00000000
10100000
11000000
11110100
00000000
10100000
11110100
11000000
10100000
11110100
11000000
10100000
11110100
11000000
10100000
11110100
11000000
10100000
11110100
00000000
10100000
11110100
00000000
00000000
01100000
00000011
01100011
00000000
01000011
00110010
00000000
01100000
00000011
01100011
00000000
01000011
00110010
00000000
00000000
00000000
00000000
10100000
01100001
11110100
00100001
10100000
10100001
11110100
10000001
10100000
11110100
00000000
10100000
11110100
00000000
10100000
11110100
00000000
10100000
11110100
00000000
10100000
11110100
00000000
10100000
11110100
00000000
10100000
11110100
00000000
10100000
11110100
00000000
10100000
11110100
00000000
10100000
11110100
00000000
10100000
11110100
00000000
10100000
11110100
00000000
10100000
11110100
00000000
01100000
10000000
10010011
01100011
01000011
00110010
11000000
11110100
10111001
11110100
10100001
01100001
01110011
00000011
11010110
01000011
00010010
01000011
00110010
01100001
01100011
01100011
01000000
01000011
01010010
01100011
10000011
00001000
10100000
11110100
00000000
00000000
10111101
11011100
11110100
11100000
10100001
11011100
11000011
11110100
11100000
10000011
01110110
00100011
01100100
00100011
01100100
00000100
00011000
11100000
11110110
10000111
01100100
01100011
01000000
01000011
10110010
10000001
01100000
01100001
10000111
10000100
01100100
01100011
01000000
01000011
10110010
10000001
10000000
10000001
10000111
10000100
01100100
01100011
01000000
01000011
10110010
10000001
01100000
01100001
10000111
01100100
01100011
01000000
01000011
10110010
10000001
10000000
10000001
01100001
00000001
00100001
01000001
10100000
11010110
01100011
11110111
00001000
00101001
01001010
11110100
01100001
01010111
00110010
11010110
00010000
11010110
10100000
11110100
00000000
00000000
01100000
00000011
01100011
00000000
01000011
00110010
10100000
11110100
00000000
00000000
10100000
11110100
00000000
00000000
01100000
00000011
01100011
00000000
01000011
00110010
10100000
11110100
00000000
00000000
10100000
11110100
00000000
00000000
01100000
00000011
01100011
00000000
01000011
00110010
00000000
01100000
00000011
01100011
00000000
01000011
00110010
00000000
00000000
00000000
00000000
10100000
11110100
00000000
00000000
10111101
11000000
11110100
11100000
11000011
01100011
00100011
10100000
11110100
00000000
11111100
00000000
00000000
10100000
11110100
00000000
11000000
10100000
11110100
11010110
11010110
10100000
11110100
11000110
11010110
10100000
11000110
11110100
11010110
10100000
11110100
11010110
00000000
10111101
11000000
11110100
11100000
11000011
01100011
00100011
11100110
10000111
01100100
01100011
01000000
01000011
10110010
10000001
01100000
01100001
10000111
10000100
01100100
01100011
01000000
01000011
10110010
10000001
10000000
10000001
10000111
10000100
01100100
01100011
01000000
01000011
10110010
10000001
01100000
01100001
10000111
01100100
01100011
01000000
01000011
10110010
10000001
10000000
10000001
01100001
00000001
00100001
01000001
10100000
01100011
00001000
00101001
01001010
11110100
01100001
00000000
10111101
11000000
11110100
11100000
11100011
01100011
00100011
10111001
11110100
01000000
10111001
11110100
11000001
01100001
10111001
11010110
01100011
11110100
11010110
01100001
10111001
01100011
11110100
11010110
01100001
10111001
11110100
00000011
10111001
11110100
11000001
01100001
10111001
11010110
01100011
11110100
11010110
01100001
10111001
01100011
11110100
11010110
01100001
00011000
01100011
11010111
11110111
11110100
10111001
01100001
10111010
01110110
01100001
11010110
01111010
01100011
01100011
10000011
01010110
00110010
01000101
10100000
11110100
11011000
10100000
11110100
00000000
01011011
00110010
10100000
11110100
00000000
10100000
11110100
00000000
00000000
01100000
00000011
01100011
00000000
01000011
00110010
10100000
11110100
00000000
00000000
10111101
11011100
11110100
11100000
10100001
11011100
11000011
11110100
11100000
10000011
01110110
00100011
10010110
11110110
10000111
01100100
01100011
01000000
01000011
10110010
10000001
01100000
01100001
10000111
10000100
01100100
01100011
01000000
01000011
10110010
10000001
10000000
10000001
10000111
10000100
01100100
01100011
01000000
01000011
10110010
10000001
01100000
01100001
10000111
01100100
01100011
01000000
01000011
10110010
10000001
10000000
10000001
00010000
11010110
10111001
11110100
00000000
10111001
11110100
11000001
01100001
10111001
11010110
01100011
11110100
11010110
01100001
10111001
01100011
11110100
11010110
01100001
10111001
11110100
01000011
10111001
11110100
11000001
01100001
10111001
11010110
01100011
11110100
11010110
01100001
10111001
01100011
11110100
11010110
01100001
00011010
01100011
00000000
11000000
11111010
11110100
10111001
01100001
10111000
01110110
01100001
11010110
01111000
01100011
01100011
10000011
01010111
00110010
00000101
10100000
11110100
11011010
10100000
11110100
00000000
01011000
00010010
10100000
11110100
00000000
00000000
10100000
11110100
00000000
00000000
00010000
00000011
10100000
11110100
00000000
10100000
11110100
00000000
00000000
01100000
00000011
01100011
00000000
01000011
00110010
10100000
11110100
00000000
10100000
11110100
00000000
00000000
10000000
11111100
00000000
00000000
00010001
00000000
10010001
00000000
00101110
00000000
00001111
00000000
00001111
00000000
00100001
11000000
01100001
11100001
11110100
01100101
10100000
01100101
00000011
11111100
00000000
11110100
10110011
01100000
00100001
00000001
00100001
11100001
01100001
11000001
11100001
11000011
00100101
00010110
00000110
01110110
01100011
01010011
11110110
00000110
00010111
10110011
01100101
10000011
01000100
00010010
01100101
01110011
01010011
00110010
11100001
01100001
11000001
11100001
00000001
00100001
00001111
00100001
11111100
10110111
01110011
01010011
00010010
11100001
10010110
10110011
10000100
01100101
01000100
00010010
11100011
01100101
00000011
00000111
00010111
10000000
01110111
10000100
01100100
00000011
01110111
01100100
00100011
11010111
10111001
11111100
01110011
01010011
00110010
11100001
00010000
01100001
01110011
01010011
00010010
01110011
01010011
00110010
01110011
00010000
11100001
11111100
01110011
01010011
00110010
11100001
00010000
01100001
00010000
01110110
10010110
10000100
01000100
00010010
11100011
01100101
00000011
00000111
00010111
10000000
01110111
10000100
01100100
00000011
01110111
01100100
00100011
11010111
11111100
10111001
00010000
01110011
11111100
01110011
00000000
00010000
01110110
11111100
10110111
00010000
01110011
01100000
00100001
01100001
01100000
01000011
00010010
11100001
11111100
01110011
01110011
01000011
00110010
11100001
01100001
00001111
00100001
00100001
11100000
01100000
00001011
01100000
00001011
11110100
00000000
11110100
00000000
11100000
00001111
00100001
00100001
11100000
11110100
00000000
11100000
00001111
00100001
00000000
00000000
00000000
00000000
00000000
00000000
00000000
00000000
00000000
00000000
00000000
00000000
00000000
00000000
00000000
00000000
00000000
00000000
00000000
00000000
00000000
00000000
00000000
00000000
00000000
00000000
00000000
00000000
00000000
00000000
00000000
00000000
00000000
00000000
00000000
00000000
00000000
00000000
00000000
00000000
00000000
00000000
00000000
00000000
00000000
00000000
00000000
00000000
00000000
00000000
00000000
00000000
00000000
00000000
00000000
00000000
00000000
00000000
00000000
00000000
00000000
00000000
00000000
00000000
00000000
00000000
00000000
00000000
00000000
00000000
00000000
00000000
00000000
00000000
00000000
00000000
00000000
00000000
00000000
00000000
00000000
00000000
00000000
00000000
00000000
00000000
00000000
00000000
00000000
00000000
00000000
00000000
00000000
00000000
00000000
00000000
00000000
00000000
00000000
00000000
00000000
00000000
00000000
00000000
00000000
00000000
00000000
00000000
00000000
00000000
00000000
00000000
00000000
00000000
00000000
00000000
00000000
00000000
00000000
00000000
00000000
00000000
00000000
00000000
00000000
00000000
00000000
00000000
00000000
00000000
00000000
00000000
00000000
00000000
00000000
00000000
00000000
00000000
00000000
00000000
00000000
00000000
00000000
00000000
00000000
00000000
00000000
00000000
00000000
00000000
00000000
00000000
00000000
00000000
00000000
00000000
00000000
00000000
00000000
00000000
00000000
00000000
00000000
00000000
00000000
00000000
00000000
00000000
00000000
00000000
00000000
00000000
00000000
00000000
00000000
00000000
00000000
00000000
00000000
00000000
00000000
00000000
00000000
00000000
00000000
00000000
00000000
00000000
00000000
00000000
00000000
00000000
00000000
00000000
00000000
00000000
00000000
00000000
00000000
00000000
00000000
00000000
00000000
00000000
00000000
00000000
00000000
00000000
00000000
00000000
00000000
00000000
00000000
00000000
00000000
00000000
00000000
00000000
00000000
00000000
00000000
00000000
00000000
00000000
00000000
00000000
00000000
00000000
00000000
00000000
00000000
00000000
00000000
00000000
00000000
00000000
00000000
00000000
00000000
00000000
00000000
00000000
00000000
00000000
00000000
00000000
00000000
00000000
00000000
00000000
00000000
00000000
00000000
00000000
00000000
00000000
00000000
00000000
00000000
00000000
00000000
00000000
00000000
00000000
00000000
00000000
00000000
00000000
00000000
00000000
00000000
00000000
00000000
00000000
00000000
00000000
00000000
00000000
00000000
00000000
00000000
00000000
00000000
00000000
00000000
00000000
00000000
00000000
00000000
00000000
00000000
00000000
00000000
00000000
00000000
00000000
00000000
00000000
00000000
00000000
00000000
00000000
00000000
00000000
00000000
00000000
00000000
00000000
00000000
00000000
00000000
00000000
00000000
00000000
00000000
00000000
00000000
00000000
00000000
00000000
00000000
00000000
00000000
00000000
00000000
00000000
00000000
00000000
00000000
00000000
00000000
00000000
00000000
00000000
00000000
00000000
00000000
00000000
00000000
00000000
00000000
00000000
00000000
00000000
00000000
00000000
00000000
00000000
00000000
00000000
00000000
00000000
00000000
00000000
00000000
00000000
00000000
00000000
00000000
00000000
00000000
00000000
00000000
00000000
00000000
00000000
00000000
00000000
00000000
00000000
00000000
00000000
00000000
00000000
00000000
00000000
00000000
00000000
00000000
00000000
00000000
00000000
00000000
00000000
00000000
00000000
00000000
00000000
00000000
00000000
00000000
00000000
00000000
00000000
00000000
00000000
00000000
00000000
00000000
00000000
00000000
00000000
00000000
00000000
00000000
00000000
00000000
00000000
00000000
00000000
00000000
00000000
00000000
00000000
00000000
00000000
00000000
00000000
00000000
00000000
00000000
00000000
00000000
00000000
00000000
00000000
00000000
00000000
00000000
00000000
00000000
00000000
00000000
00000000
00000000
00000000
00000000
00000000
00000000
00000000
00000000
00000000
00000000
00000000
00000000
00000000
00000000
00000000
00000000
00000000
00000000
00000000
00000000
00000000
00000000
00000000
00000000
00000000
00000000
00000000
00000000
00000000
00000000
00000000
00000000
00000000
00000000
00000000
00000000
00000000
00000000
00000000
00000000
00000000
00000000
00000000
00000000
00000000
00000000
00000000
00000000
00000000
00000000
00000000
00000000
00000000
00000000
00000000
00000000
00000000
00000000
00000000
00000000
00000000
00000000
00000000
00000000
00000000
00000000
00000000
00000000
00000000
00000000
00000000
00000000
00000000
00000000
00000000
00000000
00000000
00000000
00000000
