01010000
00000000
00111100
00000000
01001100
00000000
00000000
00000000
01000100
00000000
00000000
00000000
00000000
00000000
00000000
00000000
00000000
00000000
00000000
00000000
11001000
10101000
11011000
11001000
00000000
00000000
00000000
00000000
11001000
11100100
00011100
00000000
01001000
00000000
10110000
00000000
00000000
10110000
00000000
11101100
00000100
00000000
00000000
00010000
10111100
00000000
00000000
00000001
11001000
00000000
00001000
00011100
00000000
00000000
11100100
10111100
11001100
00010000
00000000
00000000
00000000
11000000
00000000
00000000
00011100
00000000
11000000
00010000
00000000
00000000
00000000
00001000
00011100
11101100
00000000
11001000
11001000
00000000
00010100
00000000
00000100
00000000
11110100
11001000
11100100
00000000
00010100
00000000
00000100
00000000
11110100
11110000
00000000
00111100
00000000
00000000
00000000
01000000
00000000
00000000
01010100
00000000
10111100
00000000
00000000
00000000
00001000
00010100
00000000
00000000
00000001
00000001
11110000
00001000
00000000
00000000
00000000
00000010
00000010
11110000
00001000
00000000
11111111
00000000
00001100
00000001
00000000
00001000
00000000
00000000
00000010
00000010
11110000
00001000
00000000
00000000
00000000
00000001
00000001
11110000
00000000
00000100
00001000
00000000
00000000
11100100
01100000
00000000
00101000
00000000
00000000
00000000
00000000
00000001
00000000
00000000
00001000
00011100
01110000
00000000
11110000
00000000
11001100
00100000
00101000
00101100
00000000
00011100
00100100
00110000
00000000
00000000
01010000
00000000
00000000
01100000
00001100
00000000
00000000
00000001
00000000
01100000
11111000
00000001
11111111
00000001
00001100
00000000
00000000
00000010
00001100
00110000
00100000
00000001
10010000
10001100
11000100
01100000
00000000
00000000
11001000
11111111
11111000
00000000
00000000
00000000
01100000
01101100
00000000
00110000
00000000
10110000
01100000
00000000
00000000
10001100
11111111
11111000
00000000
00000000
00000000
00000000
00011100
00100000
00100100
00101000
00101100
00110000
00001000
00110100
00000000
01100000
10100100
00000000
10000000
00000000
00111000
00000001
00000000
01100000
11101100
00000001
01111100
00101000
00000000
00000000
00000000
00000000
00000000
11111111
00000001
11110000
00000000
01000000
00000000
00000000
00000000
00000000
00000000
11111111
00000001
00000000
11101100
00000000
01010000
00000000
00000000
00000000
00000000
00000001
00000001
00000000
00000000
01100000
11100100
00000001
11110100
11000000
00110100
00111000
00111100
00000000
00000000
00101100
00110000
00000000
00000000
00000000
11111000
01011100
10001000
00000000
00101011
00000000
00101011
00000010
11111111
00000000
00000000
00000000
00001001
00000001
00001100
00000000
11000110
00110000
11010100
00000000
01100000
00000000
00000000
00000000
00000000
10100100
00000000
00000000
00000000
00101100
00110000
00110100
00111000
00111100
00001000
01000000
00001010
01111000
01110100
00000000
00101011
01110100
00000001
00101011
00110100
00000010
00101100
01100000
00101101
00000000
00000000
00000000
00000001
00000000
11111111
01111100
00000001
11111111
00101101
00000000
01101000
00000000
00000000
00000000
00011100
00110000
00011101
11111100
00011100
01100000
00000000
01001100
00101101
10111000
11111111
11001000
00101000
00101100
00000000
00100100
00110000
00110100
00000000
00000000
00000000
01100000
01011000
00000000
00000100
00000000
00111000
01100001
01110100
01100000
00000000
00000000
00000000
00000001
00000000
00000001
00000001
00000000
01100000
00010100
00100101
11001100
00000001
00000000
01100000
11111100
00100101
10110100
00101101
00110000
00000000
01100000
00110000
00101000
01100000
00000001
00000000
00000010
00110000
11110100
00000001
11111111
01100000
11010000
11111111
00001001
00000011
00111100
00000000
00000010
00000001
00000000
00000000
00000000
00000000
01100000
11010000
11111111
00001001
00000011
11010100
11010000
01110011
10111000
01100100
11001100
00000000
01111000
11101000
00000000
01011000
00000100
00000000
01110101
00011100
01100011
00010000
00100000
00000011
00000001
00100000
01110100
00100001
00000000
00000000
01100000
11111000
00000100
00010100
00000000
00000000
00000000
00000000
00000000
00100100
00101000
00101100
00110000
00110100
00001000
00111000
10000100
00000000
10100100
00000001
00000001
00000000
11010000
00000001
00000000
10011000
00000000
11111000
00000100
01111000
00000000
00000000
00000000
00000000
00001010
00000001
10100000
00011100
00000000
01010000
00000100
00000000
00000000
00000000
00010000
00000000
01111000
00011100
00000000
00101000
00000100
00000000
01000001
00010000
00000000
01010100
00011100
00000000
00000100
00000100
00000000
11000000
00001010
00000000
01101100
00000000
00001000
00001100
00010000
00010100
00011000
11100100
00100000
00100100
00100000
00000000
01011000
00100100
00000000
00001000
00011100
00000100
00001000
00001100
00010000
00010100
00011000
11100100
00100000
00100000
00000000
00011100
00000000
00000000
00001000
00011100
00000000
00101101
11111000
00000000
01100000
00110000
11001100
01100000
11010000
00001001
00000011
00110100
00000001
10111111
00011001
00000011
00100000
11001001
10011111
10101001
00011001
00000011
01000100
00000000
00000000
01100000
11010000
00001001
00000011
00110100
00000001
10111111
00011001
00000011
00100000
11001001
10011111
10101001
00011001
00000011
11111100
00000000
00000000
00000000
00000001
01100000
11010000
00001001
00000011
00110000
00000000
10111111
00011001
00000011
00011100
11001001
10011111
00011001
00000011
10110000
10101001
00000000
00000000
00000001
01100000
11010000
00001001
00000011
00110000
00000000
10111111
00011001
00000011
00011100
11001001
10011111
00011001
00000011
01100100
10101001
00000000
00000000
00000001
01100000
11010000
00001001
00000011
00110000
00000000
10111111
00011001
00000011
00011100
11001001
10011111
00011001
00000011
00011000
10101001
00000000
00000000
00000001
01100000
11010000
00001001
00000011
00110000
00000000
10111111
00011001
00000011
00011100
11001001
10011111
00011001
00000011
11001100
10101001
00000000
00000000
00000001
01100000
11010000
00001001
00000011
00110000
00000000
10111111
00011001
00000011
00011100
11001001
10011111
00011001
00000011
10000000
10101001
00000000
00000000
00000001
01100000
11010000
00001001
00000011
00110000
00000000
10111111
00011001
00000011
00011100
11001001
10011111
00011001
00000011
00110100
10101001
00000000
00000000
00000001
01100000
11010000
00001001
00000011
00101000
00000000
00000000
00000000
00001000
00000000
00001000
00000000
00001000
00000000
10111111
00011001
00000011
11010100
11001001
10011111
00011001
00000011
11001000
10101001
10111100
00000000
00000001
01111000
00100100
01100000
00000001
01101000
11010000
00000001
00000000
00001000
00000001
00000010
00000000
00000100
00010000
00011011
00000000
00000000
00001000
10010000
00000000
01001100
01010000
01010100
01011000
01011100
01100000
01100100
01101000
01101100
01101000
00100100
01001000
00100000
01011000
00000000
01010100
01001100
00000000
01101000
01000000
00000000
01111100
10010100
00110000
00000000
10110000
10001100
00100000
00000000
11001100
00010100
00110010
11101100
00001000
00001000
00001100
11111100
00001000
00101100
11110000
00000001
01101000
11100100
00000000
01001100
11011000
00000000
00000000
00000000
01100100
00100000
00000000
00000000
11110000
00000000
00000000
01101000
00100000
00000000
00000000
11110000
00000000
00000000
00000000
00000000
01100100
00101100
10000000
00100000
01101100
00101110
01110000
00100100
10000000
01100100
00000000
10010000
01011000
00000000
11011100
01001100
00000000
00001100
01000000
00000000
00111000
00110100
00000000
01111100
00101000
00000000
10101000
00011100
00000000
11011100
00010000
00000000
00010000
00000100
00000000
01000100
11111000
00000000
10001000
11101100
00000000
10010000
11100000
00000000
11100000
11010100
00000000
00000000
00101110
00000000
00000001
00100000
11110100
00000000
01100100
00000000
00101000
00100000
00100000
00000000
00011000
00000001
00001101
00001100
00001010
11010100
00101100
10011100
11111111
00010110
00000011
00010000
00000010
00100000
00000000
00001100
01011000
00000000
11101000
00000000
00000000
10000000
00001010
00100100
00000000
00000000
01101100
00001010
00000000
00000011
01111100
00000011
10000100
00000010
00000010
10100100
00000000
00000000
00011000
10100001
11111111
00011110
00000011
00010000
00101000
00100000
00101000
00010000
01100000
10100001
11111111
00011110
00000011
00010000
00101001
00100000
00101001
00001000
01100000
10100001
11111111
00011110
00000011
00010000
00101010
00100000
00101010
01100000
10100001
11111111
00011110
00000011
00010000
00101011
00100000
00101011
00101011
00101000
00101001
00101010
00001000
00000000
01100000
00000001
01100000
01100000
01100000
00111100
00011100
00000000
00101100
00000100
11000000
11111100
00111000
00011100
00000000
00000000
00000000
00000000
00000100
00010000
00000000
11110000
01100100
11110100
00000000
10000100
01010100
11100100
00000000
00000000
00000000
01110100
00100000
00000000
00000000
11110000
01100100
10111100
00000000
01001100
01001100
10101100
00000000
00000000
00000000
01100100
00100000
00000000
00000000
11110000
00000000
00000000
01101000
00100000
00000000
00000000
11110000
00000000
00000000
00000000
00000000
01100100
01011000
00000000
11101000
00000000
00000000
10000000
00001010
00000000
00000011
10010000
01101100
00101100
00000000
00000000
00000000
10110100
10001000
00010100
00000000
00000001
10011000
00000100
00011111
00000110
10101000
11110100
00000001
00000010
10111000
00000001
11100000
01000001
11001000
11010100
00000001
01100100
00000000
00000000
11111100
00001010
00000000
00000011
00001100
00000000
00011000
10100001
11111111
00011110
00000011
00010000
00101000
00100000
00101000
00010000
01100000
10100001
11111111
00011110
00000011
00010000
00101001
00100000
00101001
00001000
01100000
10100001
11111111
00011110
00000011
00010000
00101010
00100000
00101010
01100000
10100001
11111111
00011110
00000011
00010000
00101011
00100000
00101011
00101011
00101000
00101001
00101010
00001000
01100000
01100000
01100000
01100000
11101100
00011100
01111100
00000000
00000000
00010100
00001010
00000000
00000011
00100100
00000000
01110100
11111111
00000000
01101000
00100000
00100000
00000000
00011000
00010000
01010000
00000000
00100000
00000000
00001000
00111100
00000000
00100000
00000000
00101100
00000000
00000000
00100000
00100000
00100000
00000000
00011000
00010000
00001000
00000000
00100000
00000000
00001000
11110100
00000000
00100000
01001000
00000000
00000000
00000000
11011000
00000000
00100000
00001000
00000000
00100000
00000001
00000000
11111111
00000010
10100000
00000000
11010000
00000000
11011000
11101000
00000000
11101100
11011100
00000000
00000000
00011100
01100100
11001000
00000000
01010100
10111100
00000000
00000000
00000000
01110100
00100000
00000000
00000000
11110000
01100100
10010100
00000000
00100100
00000000
00000000
10111100
00001010
00100100
00000000
00000000
10101000
00001010
00000000
00000011
10111000
00000000
00000000
00011000
10100001
11111111
00011110
00000011
00010000
00101000
00100000
00101000
00010000
01100000
10100001
11111111
00011110
00000011
00010000
00101001
00100000
00101001
00001000
01100000
10100001
11111111
00011110
00000011
00010000
00101010
00100000
00101010
01100000
10100001
11111111
00011110
00000011
00010000
00101011
00100000
00101011
10101000
00000000
00000000
01100000
11111111
00000000
01010100
00100000
00100000
00000000
00011000
00010000
00111100
00000000
00100000
00000000
00001000
00101000
00000000
00100000
00000000
00011000
00000000
00000000
00001100
00100000
00100000
00000000
00011000
00010000
11110100
00000000
00100000
00000000
00001000
11100000
00000000
00100000
01001100
00000000
00000000
00000000
00000000
11000000
00000000
00100000
00001000
00000000
00100000
00000001
00000000
11111111
00000010
10100000
00000000
11010000
00000000
11011000
11010000
00000000
11101100
11000100
00000000
00000000
00101100
00000100
10110000
00000000
01000000
11101000
10100000
00000000
00110000
10001000
00000001
01100100
10001000
00000000
01010100
01111100
00000000
00000000
00000000
01110100
00100000
00000000
00000000
11110000
01100100
01010100
00000000
01101100
01001000
00000000
00000000
00000000
00000000
00000000
11001000
00000000
00000000
00000000
00000000
00000000
00000000
00001000
00000000
00001000
00000000
11100000
00000000
00011100
00000000
00100100
00000000
10100000
00101000
00001100
00000000
00000000
11011100
00000000
10100000
11010000
00101000
00101100
00000000
00011100
00100000
00100100
01001000
00000000
01000100
00000000
00000100
11111111
00110100
10001000
01100100
11010000
00000010
00000000
10000000
00000000
00000100
00000000
11111111
11111111
11100000
00000000
00011100
00100000
00100100
00101000
00101100
00001000
00110000
00000000
00000000
11111111
11111111
11010100
00000000
00000100
00000010
11111111
00000000
00000000
10011100
00001000
00000000
00001000
11001100
01101100
00000001
00000000
00000000
00000000
01011000
00000100
00000000
10100000
00000000
00000000
00000000
11111111
11111111
10100000
00000000
01101000
00011100
11111111
11111111
01010000
11111111
11111111
11110000
11111111
01000000
00000000
00000000
11111111
11111111
01100000
00000000
00101000
00011100
01110100
00000100
00000100
11111111
00000000
01011000
00001000
00000000
00001000
11101000
00111000
00000001
00000000
00000000
00000000
00100100
00000100
00000000
00101100
00000000
00000000
00000000
10111000
11111111
00000000
11111111
10101000
10111000
00000100
00000000
00000000
10010100
11111111
10101100
11100000
00011100
10101100
11111111
00011100
00000000
00000000
11111100
00000000
11111111
11110000
00000000
00011100
00001000
00100000
11111000
00000000
11011000
00000010
11101100
00000000
00001000
00000000
10100000
00000000
00000000
00001000
00001000
11111000
00000000
10000100
00000000
00000000
00001000
00001000
00000000
00000000
00000000
00000000
00000000
00000000
00000000
00000000
00000000
00000000
00000000
00000000
00000000
00000000
00000000
00000000
00000000
00000000
00000000
00000000
00000000
00000000
00000000
00000000
00000000
00000000
00000000
00000000
00000000
00000000
00000000
00000000
00000000
00000000
00000000
00000000
00000000
00000000
00000000
00000000
00000000
00000000
00000000
00000000
00000000
00000000
00000000
00000000
00000000
00000000
00000000
00000000
00000000
00000000
00000000
00000000
00000000
00000000
00000000
00000000
00000000
00000000
00000000
00000000
00000000
00000000
00000000
00000000
00000000
00000000
00000000
00000000
00000000
00000000
00000000
00000000
00000000
00000000
00000000
00000000
00000000
00000000
00000000
00000000
00000000
00000000
00000000
00000000
00000000
00000000
00000000
00000000
00000000
00000000
00000000
00000000
00000000
00000000
00000000
00000000
00000000
00000000
00000000
00000000
00000000
00000000
00000000
00000000
00000000
00000000
00000000
00000000
00000000
00000000
00000000
00000000
00000000
00000000
00000000
00000000
00000000
00000000
00000000
00000000
00000000
00000000
00000000
00000000
00000000
00000000
00000000
00000000
00000000
00000000
00000000
00000000
00000000
00000000
00000000
00000000
00000000
00000000
00000000
00000000
00000000
00000000
00000000
00000000
00000000
00000000
00000000
00000000
00000000
00000000
00000000
00000000
00000000
00000000
00000000
00000000
00000000
00000000
00000000
00000000
00000000
00000000
00000000
00000000
00000000
00000000
00000000
00000000
00000000
00000000
00000000
00000000
00000000
00000000
00000000
00000000
00000000
00000000
00000000
00000000
00000000
00000000
00000000
00000000
00000000
00000000
00000000
00000000
00000000
00000000
00000000
00000000
00000000
00000000
00000000
00000000
00000000
00000000
00000000
00000000
00000000
00000000
00000000
00000000
00000000
00000000
00000000
00000000
00000000
00000000
00000000
00000000
00000000
00000000
00000000
00000000
00000000
00000000
00000000
00000000
00000000
00000000
00000000
00000000
00000000
00000000
00000000
00000000
00000000
00000000
00000000
00000000
00000000
00000000
00000000
00000000
00000000
00000000
00000000
00000000
00000000
00000000
00000000
00000000
00000000
00000000
00000000
00000000
00000000
00000000
00000000
00000000
00000000
00000000
00000000
00000000
00000000
00000000
00000000
00000000
00000000
00000000
00000000
00000000
00000000
00000000
00000000
00000000
00000000
00000000
00000000
00000000
00000000
00000000
00000000
00000000
00000000
00000000
00000000
00000000
00000000
00000000
00000000
00000000
00000000
00000000
00000000
00000000
00000000
00000000
00000000
00000000
00000000
00000000
00000000
00000000
00000000
00000000
00000000
00000000
00000000
00000000
00000000
00000000
00000000
00000000
00000000
00000000
00000000
00000000
00000000
00000000
00000000
00000000
00000000
00000000
00000000
00000000
00000000
00000000
00000000
00000000
00000000
00000000
00000000
00000000
00000000
00000000
00000000
00000000
00000000
00000000
00000000
00000000
00000000
00000000
00000000
00000000
00000000
00000000
00000000
00000000
00000000
00000000
00000000
00000000
00000000
00000000
00000000
00000000
00000000
00000000
00000000
00000000
00000000
00000000
00000000
00000000
00000000
00000000
00000000
00000000
00000000
00000000
00000000
00000000
00000000
00000000
00000000
00000000
00000000
00000000
00000000
00000000
00000000
00000000
00000000
00000000
00000000
00000000
00000000
00000000
00000000
00000000
00000000
00000000
00000000
00000000
00000000
00000000
00000000
00000000
00000000
00000000
00000000
00000000
00000000
00000000
00000000
00000000
00000000
00000000
00000000
00000000
00000000
00000000
00000000
00000000
00000000
00000000
00000000
00000000
00000000
00000000
00000000
00000000
00000000
00000000
00000000
00000000
00000000
00000000
00000000
00000000
00000000
00000000
00000000
00000000
00000000
00000000
00000000
00000000
00000000
00000000
00000000
00000000
00000000
00000000
00000000
00000000
00000000
00000000
00000000
00000000
00000000
00000000
00000000
00000000
00000000
00000000
00000000
00000000
00000000
00000000
00000000
00000000
00000000
00000000
00000000
00000000
00000000
00000000
00000000
00000000
00000000
00000000
00000000
00000000
00000000
00000000
00000000
00000000
00000000
00000000
00000000
00000000
00000000
00000000
00000000
00000000
00000000
00000000
00000000
00000000
00000000
00000000
00000000
00000000
00000000
00000000
00000000
00000000
00000000
00000000
00000000
00000000
00000000
00000000
00000000
00000000
00000000
00000000
00000000
00000000
00000000
00000000
00000000
00000000
