10111000
00000000
10111000
00000000
10111000
00000000
00000000
00000000
10111000
00000000
00000000
00000000
00000000
00000000
00000000
00000000
00000000
00000000
00000000
00000000
00110001
00110000
00110000
10111001
10000000
10111001
00110000
10111000
11100000
00110000
10111110
11111001
10111000
11101001
11111000
10011001
10000000
11101000
11101000
10111110
00110000
10110000
00110000
10111100
00110000
10011001
10000000
00110000
11110000
11101001
10110110
00110000
10110000
00110000
00110000
00110000
00110000
10111110
11111001
10011001
10000000
11101000
10110000
00110000
10111110
11101001
00110000
10111100
10011001
10000000
11101001
10110110
00110000
00100000
11111001
00100000
00100000
00000110
10111100
11111000
00100000
00000110
10111100
00100000
00100000
00000110
10111100
11111000
00100000
00000110
10111100
10111001
10000000
10111001
10000000
00100000
00100000
10111001
00100000
00110010
10111001
10000000
10111001
10000000
11001001
00110000
10110110
00100000
10110000
11101000
10100100
10101010
10111100
10110110
10000000
10110000
11101000
10100100
10101010
10111100
10110110
10000000
10100100
10110000
11111000
00110000
10110000
11111000
10110000
11101000
10100100
10101010
10111100
10110110
10000000
10110000
11101000
10100100
10101010
10111100
10110000
11101000
10110110
11110000
00010000
00110000
10010000
11111001
10111110
00010000
11101000
11110000
11101000
00110000
11111000
11101001
10110110
00110000
10111001
10000000
10111000
11101001
00110000
11111010
11111011
11111011
11111001
11111010
11111010
11111011
00010011
00010011
10111110
00010010
11100000
10010000
10111110
00010000
00010000
00110000
11000000
10010000
10111110
00110000
00110000
00010110
10111110
00010111
00010011
10100100
10111110
00110011
00110011
10100100
10111100
10111100
10111110
10010010
00010010
00010000
10111001
00110010
10111110
00010000
11100000
00010010
10010000
10111110
00010011
10111110
00010000
10111110
10010010
00010010
00010000
10111001
00110010
10111110
00010000
00010010
00010000
11101001
11101010
11101010
11101010
11101011
11101011
11101011
10110110
00110000
11100000
10010000
10111110
00010010
10111100
00010000
10111001
00110010
11100000
10010000
10111110
00110010
10111000
10111000
00010111
00010000
11101000
11110010
11101000
00110000
00110000
10111110
11111000
10111000
11100000
00010000
11101000
11110010
11101000
00110000
00110000
00010000
10111110
11111000
10111000
00010010
11101000
11110000
11101000
00110010
00110000
11111000
11100000
10010000
10111110
00110010
10111000
00110000
11111010
11111011
11111011
00010010
11111001
11111010
11111010
00010000
00010011
00010011
10111110
11101001
10111100
00010000
11110000
00010000
00110010
01001000
00110010
01000000
00010100
00010000
00110010
00010110
10111110
00010000
00110000
00110000
10111110
11110000
10111110
00010010
00010000
00010000
00010000
10111001
00010001
00010000
11101001
11101010
11101010
11101010
11101011
11101011
10110110
00110000
10101010
10111100
10111110
00010100
11110000
10111110
00110000
00110010
10111110
10100100
10111100
10111110
00110000
11101000
11110000
11101000
00110000
11111000
00110010
10111000
00110010
00110010
00110000
00010010
10111000
11110000
00010000
00010001
00110000
00110000
11110000
10111001
11110000
10111000
11101001
10111001
00110000
10111000
00110010
00110000
11111010
11111010
11111001
11111010
11111011
11111011
11101010
00010010
11100000
10010000
10111110
00010010
00110011
00010010
10111000
00110011
10111110
10010000
11101000
11110000
11101000
00110000
11111000
00110010
00110010
11100000
10010000
10111100
10101010
10111100
00110010
11100000
10010000
10111100
10101010
10111100
10101010
10111110
00010001
10010000
10101010
10111110
10010000
00110010
11100000
10100001
10101010
10111110
00110010
00110010
10010000
00110000
10100100
00100010
00010110
10111110
00010000
01100100
00110010
11100000
00010000
00010000
00010000
10010000
00110000
10100100
00100010
00010110
10111110
00110000
10101010
10111100
10101010
10111110
00010001
10101010
10111110
00010001
10101010
10111110
00010000
10101010
10111100
10101010
10111110
00110000
11100000
00110010
11110000
10111001
11110000
11100000
00010010
10010000
10111110
00110011
10111110
00010000
11101000
11110000
00010000
11101001
11101010
11101010
11101010
11101011
11101011
10110110
00110000
10111001
00010000
10111000
00110010
00110010
11100000
10111000
00110001
11101000
10111100
00010000
10111001
00110011
10111000
00010010
11101000
00010001
00010000
00110000
00110001
10111001
11111011
00010010
10111000
00110011
11101000
00010000
00010001
00110000
00010001
10111001
11111011
00010010
10111000
00110011
11101000
00110000
00110000
00010001
10111001
11111000
00010010
10111000
00110011
11101000
10111000
00110000
00110000
10111000
00010000
11111000
11111000
11111001
11111001
11111001
00110000
11111000
11111000
00110000
11111001
10111001
00110000
11101001
10110110
00110000
11111000
11111000
11111000
11111001
11111001
11111001
00110000
11111000
00110000
11111001
10111001
00010000
11101001
10110110
00110000
11100000
10101010
10111110
00010001
10010000
10101010
10111100
10010001
00110001
00100010
00010110
10111110
00110000
00110000
00100010
00010110
10111110
00110001
00110000
00110001
00100010
00010110
10111110
00010000
11100000
10010001
00110001
00100010
00010110
10111110
00110000
00110000
00100010
00010110
10111110
00110001
00110000
00110001
00100010
00010110
10111110
00010000
11100000
01000000
00110000
10010001
00110001
00100010
00010110
10111110
00010000
00110000
00100010
00010110
10111110
00110001
00110000
00100010
00010110
10111110
00110001
11100000
01000000
00110000
10010001
00110001
00100010
00010110
10111110
00010000
00110000
00100010
00010110
10111110
00110001
00110000
00100010
00010110
10111110
00110001
11100000
01000000
00110000
10010001
00110001
00100010
00010110
10111110
00010000
00110000
00100010
00010110
10111110
00110001
00110000
00100010
00010110
10111110
00110001
11100000
01000000
00110000
10010001
00110001
00100010
00010110
10111110
00010000
00110000
00100010
00010110
10111110
00110001
00110000
00100010
00010110
10111110
00110001
11100000
01000000
00110000
10010001
00110001
00100010
00010110
10111110
00010000
00110000
00100010
00010110
10111110
00110001
00110000
00100010
00010110
10111110
00110001
11100000
01000000
00110000
10010001
00110001
00100010
00010110
10111110
00010000
00110000
00100010
00010110
10111110
00110001
00110000
00100010
00010110
10111110
00110001
11100000
01000000
00110000
10010001
00110001
00100010
00010110
10111110
00010000
01000000
00010000
10111100
11111000
10111100
00010100
10110110
00010000
00110000
00100010
00010110
10111110
00110001
00110000
00100010
00010110
10111110
00110001
10111000
01000000
11100000
10101010
10111110
10010000
00110000
10111000
00110001
00110000
11100000
10111000
00110001
00110000
11100000
10111000
00110000
00110000
00010000
00010001
00110000
00110000
11111001
11111010
11111010
11111010
11111011
11111011
11111011
11111011
11111011
11111011
10111001
11111000
00110000
00110000
10111001
10000000
00110000
10111001
10000000
00110000
10111001
10000000
00110000
00110000
10111001
10000000
00110000
00110000
10111001
10000000
00110000
10111001
00110000
00110000
10111001
00110000
00110000
10111001
00110000
00110000
10111001
00110000
00110000
10111001
10000000
00110000
10111001
10000000
10110000
00110000
10010000
00110000
10110000
10101010
10111100
10110000
00110000
10010000
00110000
10110000
10101010
10111100
10000000
10000000
10000000
10000000
00110000
00110010
10111001
00110011
00110000
00110011
10111001
00110011
00110000
10111001
10000000
00110000
10111001
10000000
00110000
10111001
10000000
00110000
10111001
10000000
00110000
10111001
10000000
00110000
10111001
10000000
00110000
10111001
10000000
00110000
10111001
10000000
00110000
10111001
10000000
00110000
10111001
10000000
00110000
10111001
10000000
00110000
10111001
10000000
00110000
10111001
10000000
00010000
00110000
11010000
00110000
10101010
10111110
00010010
10111001
00010000
10111001
11100000
11100000
11010000
10111110
00110010
10101010
10111100
10101010
10111100
11100000
00110000
10100100
00100010
00010110
10111110
01100100
11101000
10011000
00110000
10111001
10000000
10111000
00010000
00010000
10111001
00110000
11101000
00010000
00010010
10111001
00110000
00010000
10100100
10111110
10100100
10111110
01100100
01100111
10111110
00010010
11101000
01100100
00110000
10100100
00100010
00010110
10111110
11110000
00110000
11110000
01100100
10010000
00110000
10100100
00100010
00010110
10111110
11110000
00110000
11110000
01100100
10010000
00110000
10100100
00100010
00010110
10111110
11110000
00110000
11110000
10010000
00110000
10100100
00100010
00010110
10111110
11110000
00110000
11110000
11100000
11100001
11100001
11100001
00110000
00010000
10010000
00110010
10010001
10010001
10010001
10111001
11111000
00010110
10111110
00110010
10111000
00110010
00110000
10111001
10000000
10110000
00110000
11111000
00110000
10110000
10101010
10111100
00110000
10111001
10000000
10111000
00110000
10111001
10000000
10110000
00110000
10010000
00110000
10110000
10101010
10111100
00110000
10111001
10000000
10111000
00110000
10111001
10000000
10110000
00110000
10010000
00110000
10110000
10101010
10111100
10110000
00110000
10010000
00110000
10110000
10101010
10111100
10000000
10000000
10000000
10000000
00110000
10111001
10000000
10111000
00010000
00010000
10111001
00110000
00010010
10100100
10111100
00110000
10111001
10000000
10011001
10000000
10111000
00110000
10111001
10000000
10010110
00110000
10111001
01100100
01100100
00110000
10111001
10100100
01100100
00110000
10100100
10111001
10010010
00110000
10111001
10100100
10111000
00010000
00010000
10111001
00110000
00010000
10100100
10111100
11101000
01100100
00110000
10100100
00100010
00010110
10111110
11110000
00110000
11110000
01100100
10010000
00110000
10100100
00100010
00010110
10111110
11110000
00110000
11110000
01100100
10010000
00110000
10100100
00100010
00010110
10111110
11110000
00110000
11110000
10010000
00110000
10100100
00100010
00010110
10111110
11110000
00110000
11110000
11100000
11100001
11100001
11100001
00110000
10010000
10010001
10010001
10010001
10111001
11111000
10111000
00010000
00010000
10111001
00110000
00010010
10100100
10111110
00010000
10111001
00110011
00010000
10111001
11100010
11100000
00010000
01100110
01100100
10111001
10000010
11100000
00010000
01100100
10111001
10000010
11100000
00010000
10111001
10000011
00010000
10111001
11100010
11100000
00010000
01100110
01100100
10111001
10000010
11100000
00010000
01100100
10111001
10000010
11100000
10111110
10000011
00010010
00010010
10111001
00010000
11100000
01100100
11110000
11100000
00110010
10001000
10100100
01100100
11101000
00010110
10111110
10001011
00110000
10111001
00010000
00110000
10111001
10000000
00010110
10111100
00110000
10111001
10000000
00110000
10111001
10000000
10110000
00110000
10010000
00110000
10110000
10101010
10111100
00110000
10111001
10000000
10111000
00010000
00010000
10111001
00110000
11101000
00010000
00010010
10111001
00110000
00010000
10100100
10111100
11111000
11101000
01100100
00110000
10100100
00100010
00010110
10111110
11110000
00110000
11110000
01100100
10010000
00110000
10100100
00100010
00010110
10111110
11110000
00110000
11110000
01100100
10010000
00110000
10100100
00100010
00010110
10111110
11110000
00110000
11110000
10010000
00110000
10100100
00100010
00010110
10111110
11110000
00110000
11110000
10111000
00010000
00010000
10111001
00110011
00010000
10111001
11100010
11100000
00010000
01100110
01100100
10111001
10000010
11100000
00010000
01100100
10111001
10000010
11100000
00010000
10111001
10000011
00010000
10111001
11100010
11100000
00010000
01100110
01100100
10111001
10000010
11100000
00010000
01100100
10111001
10000010
11100000
10111110
10000011
10110000
00110010
00010010
10111001
00010000
11100000
01100100
11110000
11100000
00110010
10001000
10100100
01100100
11101000
00010110
10111110
10001011
00110000
10111001
00010000
00110000
10111001
10000000
00010110
10111100
00110000
10111001
10000000
10111000
00110000
10111001
10000000
10111000
10111000
00110011
00110000
10111001
10000000
00110000
10111001
10000000
10110000
00110000
10010000
00110000
10110000
10101010
10111100
00110000
10111001
10000000
00110000
10111001
10000000
10110000
00110000
10011001
10000000
10111000
10110110
10000000
10110110
10000000
10110110
10000000
10110110
10000000
10110110
10000000
00110000
00010000
11111010
11111001
10111001
00010010
11101000
11101000
10111100
10011001
10000000
10111001
00010000
11101000
00110000
11111011
11111011
11111001
11111010
11111010
11111010
11101010
00010011
10111110
00010011
11101000
00110010
10111110
11101010
10111100
10111100
01100100
00010000
11101000
00010110
10111110
00010000
00110010
10101010
10111100
11101001
11101010
11101010
11101010
11101011
11101011
10110110
00110000
10011001
11001000
00110010
10101010
10111110
11101001
11101000
01100100
00110000
00010000
00010110
10111110
11101000
00010000
11111000
10111100
10111110
00110000
11101000
01000100
10000100
10111100
11101000
10000100
10111100
11001000
00010000
10011001
00110010
10101010
10111110
11101001
10111000
11101010
00110010
10101010
10111110
00110010
10101010
10111110
00110010
10111000
11101001
10011001
00110010
10101010
10111110
11101001
10111000
11101010
10111000
11111010
11101000
00110000
00010110
10111110
11101000
00010000
11111000
10111100
10111110
00110000
11101000
01000100
10000100
10111100
11101000
10000100
10111100
11001000
10011001
00010000
10111000
00110010
10011001
00110010
10111000
10111000
11111010
10011001
11001000
10111000
00110010
11101000
00110000
11111010
00110010
10101010
10111110
11111001
10011001
00110010
11101000
10101010
10111100
11101001
11101010
10110110
00110000
00110000
11011001
00110001
10010100
00110001
10010100
10111001
10000000
10111001
10000000
11001001
10110110
00110000
00110000
11011001
10111001
10000000
11001001
10110110
00110000
00000000
00000000
00000000
00000000
00000000
00000000
00000000
00000000
00000000
00000000
00000000
00000000
00000000
00000000
00000000
00000000
00000000
00000000
00000000
00000000
00000000
00000000
00000000
00000000
00000000
00000000
00000000
00000000
00000000
00000000
00000000
00000000
00000000
00000000
00000000
00000000
00000000
00000000
00000000
00000000
00000000
00000000
00000000
00000000
00000000
00000000
00000000
00000000
00000000
00000000
00000000
00000000
00000000
00000000
00000000
00000000
00000000
00000000
00000000
00000000
00000000
00000000
00000000
00000000
00000000
00000000
00000000
00000000
00000000
00000000
00000000
00000000
00000000
00000000
00000000
00000000
00000000
00000000
00000000
00000000
00000000
00000000
00000000
00000000
00000000
00000000
00000000
00000000
00000000
00000000
00000000
00000000
00000000
00000000
00000000
00000000
00000000
00000000
00000000
00000000
00000000
00000000
00000000
00000000
00000000
00000000
00000000
00000000
00000000
00000000
00000000
00000000
00000000
00000000
00000000
00000000
00000000
00000000
00000000
00000000
00000000
00000000
00000000
00000000
00000000
00000000
00000000
00000000
00000000
00000000
00000000
00000000
00000000
00000000
00000000
00000000
00000000
00000000
00000000
00000000
00000000
00000000
00000000
00000000
00000000
00000000
00000000
00000000
00000000
00000000
00000000
00000000
00000000
00000000
00000000
00000000
00000000
00000000
00000000
00000000
00000000
00000000
00000000
00000000
00000000
00000000
00000000
00000000
00000000
00000000
00000000
00000000
00000000
00000000
00000000
00000000
00000000
00000000
00000000
00000000
00000000
00000000
00000000
00000000
00000000
00000000
00000000
00000000
00000000
00000000
00000000
00000000
00000000
00000000
00000000
00000000
00000000
00000000
00000000
00000000
00000000
00000000
00000000
00000000
00000000
00000000
00000000
00000000
00000000
00000000
00000000
00000000
00000000
00000000
00000000
00000000
00000000
00000000
00000000
00000000
00000000
00000000
00000000
00000000
00000000
00000000
00000000
00000000
00000000
00000000
00000000
00000000
00000000
00000000
00000000
00000000
00000000
00000000
00000000
00000000
00000000
00000000
00000000
00000000
00000000
00000000
00000000
00000000
00000000
00000000
00000000
00000000
00000000
00000000
00000000
00000000
00000000
00000000
00000000
00000000
00000000
00000000
00000000
00000000
00000000
00000000
00000000
00000000
00000000
00000000
00000000
00000000
00000000
00000000
00000000
00000000
00000000
00000000
00000000
00000000
00000000
00000000
00000000
00000000
00000000
00000000
00000000
00000000
00000000
00000000
00000000
00000000
00000000
00000000
00000000
00000000
00000000
00000000
00000000
00000000
00000000
00000000
00000000
00000000
00000000
00000000
00000000
00000000
00000000
00000000
00000000
00000000
00000000
00000000
00000000
00000000
00000000
00000000
00000000
00000000
00000000
00000000
00000000
00000000
00000000
00000000
00000000
00000000
00000000
00000000
00000000
00000000
00000000
00000000
00000000
00000000
00000000
00000000
00000000
00000000
00000000
00000000
00000000
00000000
00000000
00000000
00000000
00000000
00000000
00000000
00000000
00000000
00000000
00000000
00000000
00000000
00000000
00000000
00000000
00000000
00000000
00000000
00000000
00000000
00000000
00000000
00000000
00000000
00000000
00000000
00000000
00000000
00000000
00000000
00000000
00000000
00000000
00000000
00000000
00000000
00000000
00000000
00000000
00000000
00000000
00000000
00000000
00000000
00000000
00000000
00000000
00000000
00000000
00000000
00000000
00000000
00000000
00000000
00000000
00000000
00000000
00000000
00000000
00000000
00000000
00000000
00000000
00000000
00000000
00000000
00000000
00000000
00000000
00000000
00000000
00000000
00000000
00000000
00000000
00000000
00000000
00000000
00000000
00000000
00000000
00000000
00000000
00000000
00000000
00000000
00000000
00000000
00000000
00000000
00000000
00000000
00000000
00000000
00000000
00000000
00000000
00000000
00000000
00000000
00000000
00000000
00000000
00000000
00000000
00000000
00000000
00000000
00000000
00000000
00000000
00000000
00000000
00000000
00000000
00000000
00000000
00000000
00000000
00000000
00000000
00000000
00000000
00000000
00000000
00000000
00000000
00000000
00000000
00000000
00000000
00000000
00000000
00000000
00000000
00000000
00000000
00000000
00000000
00000000
00000000
00000000
00000000
00000000
00000000
00000000
00000000
00000000
00000000
00000000
00000000
00000000
00000000
00000000
00000000
00000000
00000000
00000000
00000000
00000000
00000000
00000000
00000000
00000000
00000000
00000000
00000000
00000000
