00000000
00000000
00001000
00000000
00001001
00000000
00000000
00000000
00001000
00000000
00000000
00000000
00000000
00000000
00000000
00000000
00000000
00000000
00000000
00000000
00011110
00011100
00100000
00000000
00000000
00001000
00000000
00000000
00011110
11111111
00000000
00000000
00000000
00000000
00011101
00011101
00011110
10011000
00000010
11111111
00011000
00000000
00000000
00000100
10110000
00011110
00100000
00000000
00011110
00011000
11111111
00000000
00000000
00000000
00000000
00011101
00011000
00000000
00000000
00011110
00000000
00000000
00000000
00000000
00000000
00000000
00000000
11111111
00000000
00000000
00011101
00011110
00011000
00000000
00011101
00000000
00000000
00000000
00000000
00000000
00011101
00011000
00000000
00000000
00000000
00000000
11111111
00000000
00011110
00011110
00111000
00000000
00000000
00000000
00111000
11111111
00011110
00011110
00111000
00000000
00000000
00000000
00111000
11111111
00000111
00000000
00010001
00000000
00000000
00000000
00001010
00000000
00000000
00010001
00000000
00000111
00000000
00000000
00000000
00000000
00000000
00100000
00000000
00000000
00000000
11111111
00000000
00000000
11111111
00000000
00000000
11111111
00000000
00100000
00000000
00000000
00000000
00000000
00000000
00000000
00100000
00000000
00000000
11111111
00000000
00000000
11111111
00000000
00100000
00000000
00000000
00100000
00000000
11111111
00000000
00000000
00000000
00000000
11111111
00000000
00000000
00000000
00000000
00000000
00000000
00000000
00000000
11111111
00000000
00000000
00000000
00000000
11111111
00000000
00000000
00000000
00000000
00000000
00000000
00000000
00000000
00000000
00000000
00000000
00000000
00000000
00000000
00000000
11000000
11111111
00000000
11111111
00011000
00000010
10011000
00000000
00100000
00000000
00000000
00000000
00000000
00000000
00000000
00000000
00000000
00000000
00000000
11111111
11111111
11111111
00000000
11111111
00000010
10110000
10011000
00000000
11000000
11111111
00000000
11000000
00000000
11111111
00000000
00000000
00000000
00000000
00000000
11111110
11111111
11111111
00000000
11111111
00000010
00011000
10011000
00000000
00000000
00000000
00000000
00000000
00000000
00000000
00000000
00000000
11111111
00000000
00000000
00000000
00000000
00000000
00000000
00000000
00000000
00000000
00000000
00000000
00000000
00000000
00000000
00000000
00000000
11111110
00000000
00000000
00000000
00000000
00000000
00000000
00011100
00000000
00000000
00000000
00000000
00000000
00000000
00000000
00000000
00000000
00000000
11111111
00100000
00111000
00100000
00110000
00000000
00101000
00000000
11111111
00000000
00000000
11111111
00000000
00000000
00000000
00000000
00000000
00000000
00000000
00000000
00000000
11111101
11111111
00000000
00000000
11111111
11111111
00000000
00000000
00000000
00000000
11111101
00000000
00011000
00000000
00000000
00000000
00000000
00000000
00000000
00000000
00000000
11111111
00000000
00000000
00000000
00000000
00000000
00000000
00000000
00000000
00000000
00000000
00000000
00000000
00000000
00000000
00000001
00000000
00000000
00000001
00000000
00000000
00000001
00000000
00000001
00000000
00000000
00000000
00000000
00000000
00000000
00000000
00000000
00000000
00000000
00000000
11111111
00000000
11111111
00000000
00000000
01001000
01001000
11111111
00011000
00000000
00000000
00000000
11111111
00000000
11011000
11111111
00000100
00000000
00000000
00000000
00000000
00000000
00000000
00010011
00000000
00000000
00000000
00000000
00000000
00000000
00000000
00000000
00000000
00000000
11111101
00000000
00000000
00011000
00000000
00000000
00000000
00000000
00000000
00000000
00000000
00000000
00000000
00000000
00000000
11111111
00000000
00000000
00000000
00000000
00000000
00000000
00000000
00000000
11111111
00000000
00000000
00000000
00000000
00000000
00000000
00000000
00000000
00000000
11111100
00000000
00000000
00011000
00000000
00000000
00000000
00000000
11111011
00000000
00000000
00000000
00000000
11111110
00000000
00000000
00000000
00000000
00000000
00000000
00000000
00000000
00000000
00000000
00000000
00000000
00000000
00000000
00000000
00000000
00000000
00000000
00000000
00000000
11111111
00000000
00000000
00000000
00000000
11111101
00000000
00000000
00000000
00000000
00000000
00000000
00000000
00000000
00000000
00000000
11111111
00000000
00000000
00000000
11111101
00000000
00000000
00000000
00000000
00010000
01000000
00000000
00000000
00010000
10000000
11111111
00000000
00000000
00010000
00000000
00000000
00000000
00010000
01000000
11111111
00000000
00000000
00000000
00000000
00000000
00000000
00000000
00000000
00011000
00000000
00000000
11111111
00000000
00111000
00000000
00000000
00000000
11111111
11111111
11111111
00000000
00000000
00000000
00000000
11111111
00000000
00000000
00000000
00000000
00000000
00000000
00000000
00000000
00000000
00000000
00000000
00000000
00000000
00000000
00000000
00000000
00000000
00000000
00000000
00000000
00000000
00000000
00000000
00000000
00000000
11111111
01100000
00000000
00000000
11111111
01010000
00000000
11111111
11111111
01010000
00000000
11111111
01011000
11111111
11111111
00011000
00000000
00000000
00000000
00000000
00000000
00000000
00000000
00000000
00000000
00000000
00000000
00000000
00000000
00000000
00000000
00000000
00000000
11111111
00000000
00000000
00000000
00000000
00000000
00011100
00000000
00000000
00011000
00000000
11110111
00000000
11111111
00000000
00011100
00000000
00000000
00000000
00000000
00000000
00000000
00000000
00000000
00000000
00000000
00000000
00000000
00000000
00000000
00000000
00000000
00000000
00000000
00000000
11111111
00000000
00000000
00000001
00000000
00000000
00000000
00000100
00000100
10110000
00000000
11000000
11111111
11111111
11111111
00000000
11111111
00000000
11011000
11111111
00000000
11111111
10011000
00000000
00000000
00000000
11111111
10011100
00000001
00110000
00000000
00000001
00101000
00000000
00000000
00100000
00000000
00000000
11010000
11111111
00000000
10111000
11111111
11111111
11111111
11111111
11111111
11111111
00000000
00000000
00000001
00000000
00000000
00000000
00000000
00000000
00000000
00000000
00000000
00000000
00000000
00000000
00000000
00000000
00000000
00100000
00000000
11111111
00000000
00000000
11111111
00000000
00100000
00000000
11111111
00000000
00000000
00000100
00000100
00000000
11111111
10110000
10011000
11010000
00000000
00000000
00000000
00000000
10011100
00000001
00101000
00000000
00000001
00101000
00000000
00000000
00100000
00000000
00000000
11000000
11111110
00000000
10111000
11111110
11111111
11111111
11111111
11111111
11111111
00000000
00000000
11111111
10011000
11111111
00000000
00000000
11111111
00000000
00100000
00000000
11111111
00000000
00100000
00000000
11111111
00000000
10110000
00000000
11111111
10011000
00000000
00000000
00000000
00000000
00101000
00000000
00000000
11000000
11111101
00000000
10111000
11111101
11111111
11111111
11111110
11111111
11111111
00000000
00000000
11111111
00000000
00000000
00000000
00000000
00000000
00000000
00000000
11111111
11110011
00000000
11111111
11110011
00000000
00000000
11111101
00000000
11111110
00000000
00000000
00000000
11111111
00000000
00011101
11111111
00000000
11111111
00000000
00000000
00011101
00011000
11111111
00000000
11111111
11111111
00000000
00000000
00000000
00000000
00000000
00000000
00000000
00010011
11111111
00000000
00000000
00000000
00000000
00000000
00000000
00000000
00000000
00000000
11111010
00000000
00010011
00010011
11111010
00000000
00010011
11111010
00000000
00010011
11111010
00000000
00010011
00011000
11111010
00000000
00010011
00011000
11111010
00000000
00010011
11111010
00000000
00010100
11111010
00000000
00010100
11111010
00000000
00010100
11111010
00000000
00010011
11111010
00000000
00010100
11111001
00000000
00010000
01000000
00000000
00000000
00010000
10000000
11111111
11111010
00000000
00010100
11111001
00000000
00010100
11111001
00000000
00010100
11111001
00000000
00010100
11111001
00000000
00010100
11111001
00000000
00010101
11111001
00000000
00010101
11111001
00000000
00010101
11111001
00000000
00010101
11111001
00000000
00010101
11111001
00000000
00010110
11111001
00000000
00010110
11111001
00000000
00010110
11111001
00000000
00010110
11111001
00000000
00010110
11111001
00000000
00000000
00000000
00011000
00000000
00000000
11111111
00000000
11110011
00000000
11110011
00000000
00000000
10011000
11100100
00000000
00000000
10110100
00000000
00000000
11111111
00000000
00000000
11111111
00000000
00100000
00000100
00000100
00011000
00011000
00000000
11111001
00000000
00000000
00000000
11111001
00000000
00000000
00000010
00000000
00000000
00000000
00000000
00000000
00000000
00000000
00000000
00000000
00000000
11111000
00000000
00000000
00000000
00000000
00000000
00000000
00010111
00000000
00000000
00000000
00000000
00000000
00000000
11111000
00000000
10111000
11111111
11111110
00010111
11111000
00000000
00010000
00000000
00000000
00000000
00011000
00000000
11111111
00000001
00010100
11110111
00000000
00010000
01000000
00000000
00000000
00010000
10000000
11111111
11111000
00000000
00000001
00000000
11111000
00000000
00000000
00000000
00000001
00010111
11110111
00000000
10011000
00000000
11111101
00010111
11110111
00000000
10000000
00010111
11110111
00000000
00000000
00010111
11110111
00000000
00000000
00010111
11110111
00000000
00010111
00000000
11110111
00000000
11111101
00000000
11110111
00000000
00000000
00000000
00000001
00000001
00000000
11110111
00000000
00000000
00000000
00000000
00000000
11110001
00000000
00000000
10111100
11111111
11111111
11111111
00011000
00000000
11110001
00000000
00000000
11000100
11111111
11111111
11111111
00011000
00011000
00000000
11111111
11110001
00000000
00000000
10111000
00000000
00000000
00100000
00000000
00000100
11000000
00000000
00011000
10110000
11111111
00000000
00010111
11110110
11001000
00011000
11110110
00000000
00000001
00010100
11110110
00000000
00010111
11110110
00000000
11110110
00000000
00010100
00000001
00000000
11110110
00000000
00000000
00000000
11110110
00000000
00000000
00000000
00010111
00000001
00000000
00000000
00000000
11110110
00000000
00000000
00000000
00000000
00000000
00010111
00000000
00000000
00000000
00000000
00000000
00000000
11110101
00000000
11111011
00000000
00000000
11110000
00000000
00000000
10111100
11111111
11111111
11111111
00011000
00000000
11110000
00000000
00000000
10111100
11111111
00011000
11111111
11111111
11111111
00010000
00000000
00010000
00000000
00011000
00000000
11011000
11101111
00000000
00000000
00000000
00000000
00000000
00011000
00000100
11001000
00000000
00100000
11011000
11111111
00000000
00010111
11110101
11000000
00011000
11110100
00000000
00000000
00010100
11110100
00000000
00010111
11110100
00000000
11110101
00000000
00010100
11110100
00000000
00010111
11110100
00000000
00010000
00000000
00011000
00000000
11111010
00011000
00000000
00011000
11110100
00000000
11111010
11111111
00001000
00100000
11001000
00011111
11001000
11101110
00000000
11111001
00000000
00001000
00000000
00000000
11111111
00001000
11101101
00000000
00001000
00000000
00000000
01110101
00000000
01011011
01100011
01100011
00110011
00110000
00000000
01101110
01100111
01101111
01100001
00100000
00110000
01101111
01101100
00100101
00000000
01110000
00100000
00110010
01101110
01110101
01101001
00101110
00000000
00101101
00101101
00101101
00101101
00101101
00101101
00101101
00101101
00101101
00101101
00000000
01000011
00100000
00100000
00100000
00100000
00110111
00001010
01000011
00100000
00100000
00100000
00100000
00100000
00000000
01000011
00100000
01110001
01100011
00100000
00110100
01111010
00000000
01001001
01110010
01101001
01100011
01100101
00110101
00100000
00000000
01000100
00100000
01101000
00100000
00100000
00110101
00100000
00000000
01010100
01101100
01101101
00100000
00100000
00110101
00100000
00000000
01110110
01100100
01101110
01100001
01110011
00000000
01101111
00000000
01101111
01110101
01110011
01101100
00000000
00100000
01101101
01110011
00000000
00100000
00111100
01110010
00111110
01101001
00100000
01110101
01101101
01110010
01101111
01101110
01110100
01100100
01110011
01100110
00111100
01100101
01111001
00001010
00100000
00100000
00100000
00100000
00100000
00100000
01110010
00100000
01100101
01101100
01101101
00001010
00100000
00100000
00100000
00100000
00100000
00100000
01101100
00100000
01100001
01100011
00000000
00100000
00100000
00100000
00100000
00100000
00100000
01101110
01101001
01100101
01110011
01100011
01101110
01100100
01110100
01100001
01110011
00000000
00100000
00111100
01110010
00111110
00100000
00100000
01110101
01110100
01100001
01100101
00001010
00100000
00100000
00100000
00100000
00100000
00100000
01100101
01010011
01100101
01100001
01110011
01010010
00000000
00100000
00111100
01110010
00111110
00100000
00100000
01100101
01101101
01110010
01110100
01100100
01110011
00000000
00100000
00111100
01110010
00111110
00100000
00100000
01101111
00101110
00100000
00111100
01110010
00111110
00000000
00100000
00111100
01110010
00111110
01100001
00100000
01110010
00100000
01110100
01101001
00100000
00100000
01101111
01100001
01100001
01100101
00001010
00100000
00000000
00100000
00100000
00100000
00100000
00100000
00100000
01101111
00101110
00100000
01000011
01000101
01000101
01001101
01011111
01000101
01000100
01010011
01100101
01110101
00000000
00111110
00000000
01100100
01110011
01110011
01100101
00101101
00100000
01100111
00001010
01100100
01110011
01111000
01111000
01110100
00110000
00111000
01010011
00111010
01100011
01100011
00000000
01100001
01100111
01110100
01100001
01100101
01111001
00000000
01110101
01101110
01100001
01100011
01100101
00000000
01100001
01101110
01101000
01110010
01100001
00101110
00000000
01100001
01100111
01010010
00001010
01000011
01100110
00111010
00001010
01000100
01100110
00111010
00001010
01000011
01100110
00111010
00001010
01001001
01100110
00111010
00001010
00100000
01100101
01101111
01100100
00000000
01100101
01101110
01101000
01110011
00101110
00000000
01110010
00001010
01110110
01100100
01101101
01100100
00000000
00001110
00001111
00010001
00010010
00010010
00001111
00001111
00010010
00010010
00001111
00010010
00010010
00010010
00010010
00010000
00010000
00010010
00010010
00010010
00010001
00010010
00010010
00010001
01000111
01010000
01000001
00000000
01100011
01000010
01100101
00101110
00000000
00000000
00110000
01100001
01010001
11000100
11110100
10100101
10010101
10001000
10111000
11101001
11011001
01001100
01111100
00101101
00011101
00010000
00100000
01110001
01000001
11010100
11100100
10110101
10000101
10011000
10101000
11111001
11001001
01011100
01101100
00111101
00001101
00100000
00010000
01000001
01110001
11100100
11010100
10000101
10110101
10101000
10011000
11001001
11111001
01101100
01011100
00001101
00111101
00110000
00000000
01010001
01100001
11110100
11000100
10010101
10100101
10111000
10001000
11011001
11101001
01111100
01001100
00011101
00101101
01000001
01110001
00100000
00010000
10000101
10110101
11100100
11010100
11001001
11111001
10101000
10011000
00001101
00111101
01101100
01011100
01010001
01100001
00110000
00000000
10010101
10100101
11110100
11000100
11011001
11101001
10111000
10001000
00011101
00101101
01111100
01001100
01100001
01010001
00000000
00110000
10100101
10010101
11000100
11110100
11101001
11011001
10001000
10111000
00101101
00011101
01001100
01111100
01110001
01000001
00010000
00100000
10110101
10000101
11010100
11100100
11111001
11001001
10011000
10101000
00111101
00001101
01011100
01101100
10000011
10110011
11100010
11010010
01000111
01110111
00100110
00010110
00001011
00111011
01101010
01011010
11001111
11111111
10101110
10011110
10010011
10100011
11110010
11000010
01010111
01100111
00110110
00000110
00011011
00101011
01111010
01001010
11011111
11101111
10111110
10001110
10100011
10010011
11000010
11110010
01100111
01010111
00000110
00110110
00101011
00011011
01001010
01111010
11101111
11011111
10001110
10111110
10110011
10000011
11010010
11100010
01110111
01000111
00010110
00100110
00111011
00001011
01011010
01101010
11111111
11001111
10011110
10101110
11000010
11110010
10100011
10010011
00000110
00110110
01100111
01010111
01001010
01111010
00101011
00011011
10001110
10111110
11101111
11011111
11010010
11100010
10110011
10000011
00010110
00100110
01110111
01000111
01011010
01101010
00111011
00001011
10011110
10101110
11111111
11001111
11100010
11010010
10000011
10110011
00100110
00010110
01000111
01110111
01101010
01011010
00001011
00111011
10101110
10011110
11001111
11111111
11110010
11000010
10010011
10100011
00110110
00000110
01010111
01100111
01111010
01001010
00011011
00101011
10111110
10001110
11011111
11101111
00011100
00000000
00000000
00000000
00000000
00000000
00000000
00000000
00000000
00000000
00000000
00000000
00011100
00000000
00000000
00000000
00000000
00000000
00000000
00000000
00000000
00011100
00000000
00000000
00000000
00000000
00000000
00000000
00000000
00000000
00000000
00000000
00000000
00000000
00000000
00000000
00000000
00000000
00000000
00000000
00000000
00000000
00000000
00000000
00000000
00000000
00000000
00000000
00000000
00000000
00000000
00000000
00000000
00000000
00000000
00000000
00000000
00000000
00000000
00000000
00000000
00000000
00000000
00000000
00000000
00000000
00000000
00000000
00000000
00000000
00000000
00000000
00000000
00000000
11111111
00000000
11111111
00000000
00000000
00000000
00000000
00110011
00110011
00000000
00000000
00000000
00000000
00000000
00000000
00000000
00000000
00000000
00000000
00000000
00000000
00000000
00000000
00000000
00000000
00000000
00000000
00000000
00000000
00000000
00000000
00000000
00000000
00000000
00000000
00000000
00000000
00000000
00000000
00000000
00000000
00000000
00000000
00000000
00000000
00000000
00000000
00000000
00000000
00000000
00000000
00000000
00000000
00000000
00000000
00000000
00000000
00000000
00000000
00000000
00000000
00000000
00000000
00000000
00000000
00000000
00000000
00000000
00000000
00000000
00000000
00000000
00000000
00000000
00000000
00000000
00000000
00000000
00000000
00000000
00000000
00000000
00000000
00000000
00000000
00000000
00000000
00000000
00000000
00000000
00000000
00000000
00000000
00000000
00000000
00000000
00000000
00000000
00000000
00000000
00000000
00000000
00000000
00000000
00000000
00000000
00000000
00000000
00000000
00000000
00000000
00000000
00000000
00000000
00000000
00000000
00000000
00000000
00000000
00000000
00000000
00000000
00000000
00000000
00000000
00000000
00000000
00000000
00000000
00000000
00000000
00000000
00000000
00000000
00000000
00000000
00000000
00000000
00000000
00000000
00000000
00000000
00000000
00000000
00000000
00000000
00000000
00000000
00000000
00000000
00000000
00000000
00000000
00000000
00000000
00000000
00000000
00000000
00000000
00000000
00000000
00000000
00000000
00000000
00000000
00000000
00000000
00000000
00000000
00000000
00000000
00000000
00000000
00000000
00000000
00000000
00000000
00000000
00000000
00000000
00000000
00000000
00000000
00000000
00000000
00000000
00000000
00000000
00000000
00000000
00000000
00000000
00000000
00000000
00000000
00000000
00000000
00000000
00000000
00000000
00000000
00000000
00000000
00000000
00000000
00000000
00000000
00000000
00000000
00000000
00000000
00000000
00000000
00000000
00000000
00000000
00000000
00000000
00000000
00000000
00000000
00000000
00000000
00000000
00000000
00000000
00000000
00000000
00000000
00000000
00000000
00000000
00000000
00000000
00000000
00000000
00000000
00000000
00000000
00000000
00000000
00000000
00000000
00000000
00000000
00000000
00000000
00000000
00000000
00000000
00000000
00000000
00000000
00000000
00000000
00000000
00000000
00000000
00000000
00000000
00000000
00000000
00000000
00000000
00000000
00000000
00000000
00000000
00000000
00000000
00000000
00000000
00000000
00000000
00000000
00000000
00000000
00000000
00000000
00000000
00000000
00000000
00000000
00000000
00000000
00000000
00000000
00000000
00000000
00000000
00000000
00000000
00000000
00000000
00000000
00000000
00000000
00000000
00000000
00000000
00000000
00000000
00000000
00000000
00000000
00000000
00000000
00000000
00000000
00000000
00000000
00000000
00000000
00000000
00000000
00000000
00000000
00000000
00000000
00000000
00000000
00000000
00000000
00000000
00000000
00000000
00000000
00000000
00000000
00000000
00000000
00000000
00000000
00000000
00000000
00000000
00000000
00000000
00000000
00000000
00000000
00000000
00000000
00000000
00000000
00000000
00000000
00000000
00000000
00000000
00000000
00000000
00000000
00000000
00000000
00000000
00000000
00000000
00000000
00000000
00000000
00000000
00000000
00000000
00000000
00000000
00000000
00000000
00000000
00000000
00000000
00000000
00000000
00000000
00000000
00000000
00000000
00000000
00000000
00000000
00000000
00000000
00000000
00000000
00000000
00000000
00000000
00000000
00000000
00000000
00000000
00000000
00000000
00000000
00000000
00000000
00000000
00000000
00000000
00000000
00000000
00000000
00000000
00000000
00000000
00000000
00000000
00000000
00000000
00000000
00000000
00000000
00000000
00000000
00000000
00000000
00000000
00000000
00000000
00000000
00000000
00000000
00000000
00000000
00000000
00000000
00000000
00000000
00000000
00000000
00000000
00000000
00000000
00000000
00000000
00000000
00000000
00000000
00000000
00000000
00000000
00000000
00000000
00000000
00000000
00000000
00000000
00000000
00000000
00000000
00000000
00000000
00000000
00000000
00000000
00000000
00000000
00000000
00000000
00000000
00000000
00000000
00000000
00000000
00000000
00000000
00000000
00000000
00000000
00000000
00000000
00000000
00000000
00000000
00000000
00000000
00000000
00000000
00000000
00000000
00000000
00000000
00000000
00000000
00000000
00000000
00000000
00000000
00000000
00000000
00000000
00000000
00000000
00000000
00000000
00000000
00000000
00000000
00000000
00000000
00000000
00000000
00000000
00000000
00000000
00000000
00000000
00000000
00000000
00000000
00000000
00000000
00000000
00000000
00000000
00000000
00000000
00000000
00000000
00000000
00000000
00000000
00000000
00000000
00000000
00000000
00000000
00000000
00000000
00000000
00000000
00000000
00000000
00000000
00000000
00000000
00000000
00000000
00000000
00000000
00000000
00000000
00000000
00000000
00000000
00000000
00000000
00000000
00000000
00000000
00000000
00000000
00000000
00000000
00000000
00000000
00000000
00000000
00000000
00000000
00000000
00000000
00000000
00000000
00000000
00000000
00000000
00000000
00000000
00000000
00000000
00000000
00000000
00000000
00000000
00000000
00000000
00000000
00000000
00000000
00000000
00000000
00000000
00000000
00000000
00000000
00000000
00000000
00000000
00000000
00000000
00000000
00000000
00000000
00000000
00000000
00000000
00000000
00000000
00000000
00000000
00000000
00000000
00000000
00000000
00000000
00000000
00000000
00000000
00000000
00000000
00000000
00000000
00000000
00000000
00000000
00000000
00000000
00000000
00000000
00000000
00000000
00000000
00000000
00000000
00000000
00000000
00000000
00000000
00000000
00000000
00000000
00000000
00000000
00000000
00000000
00000000
00000000
00000000
00000000
00000000
00000000
00000000
00000000
00000000
00000000
00000000
00000000
00000000
00000000
00000000
00000000
00000000
00000000
00000000
00000000
00000000
00000000
00000000
00000000
00000000
00000000
00000000
00000000
00000000
00000000
00000000
00000000
00000000
00000000
00000000
00000000
00000000
00000000
00000000
00000000
00000000
00000000
00000000
00000000
00000000
00000000
00000000
00000000
00000000
00000000
00000000
00000000
00000000
00000000
00000000
00000000
00000000
00000000
00000000
00000000
00000000
00000000
00000000
00000000
00000000
00000000
00000000
00000000
00000000
00000000
00000000
00000000
00000000
00000000
00000000
00000000
00000000
00000000
00000000
00000000
00000000
00000000
00000000
00000000
00000000
00000000
00000000
00000000
00000000
00000000
00000000
00000000
00000000
00000000
00000000
00000000
00000000
00000000
00000000
00000000
00000000
00000000
00000000
00000000
00000000
00000000
00000000
00000000
00000000
00000000
00000000
00000000
00000000
00000000
00000000
00000000
00000000
00000000
00000000
00000000
00000000
00000000
00000000
00000000
00000000
00000000
00000000
00000000
00000000
00000000
00000000
00000000
00000000
00000000
00000000
00000000
00000000
00000000
00000000
00000000
00000000
00000000
00000000
00000000
00000000
00000000
00000000
00000000
00000000
00000000
00000000
00000000
00000000
00000000
00000000
00000000
00000000
00000000
00000000
00000000
00000000
00000000
00000000
00000000
00000000
00000000
00000000
00000000
00000000
00000000
00000000
00000000
00000000
00000000
00000000
00000000
00000000
00000000
00000000
00000000
00000000
00000000
00000000
00000000
00000000
00000000
00000000
00000000
00000000
00000000
00000000
00000000
00000000
00000000
00000000
00000000
00000000
00000000
00000000
00000000
00000000
00000000
00000000
00000000
00000000
00000000
00000000
00000000
00000000
00000000
00000000
00000000
00000000
00000000
00000000
00000000
00000000
00000000
00000000
00000000
00000000
00000000
00000000
00000000
00000000
00000000
00000000
00000000
00000000
00000000
00000000
00000000
00000000
00000000
00000000
00000000
00000000
00000000
00000000
00000000
00000000
00000000
00000000
00000000
00000000
00000000
00000000
00000000
00000000
00000000
00000000
00000000
00000000
00000000
00000000
00000000
00000000
00000000
00000000
00000000
00000000
00000000
00000000
00000000
00000000
00000000
00000000
00000000
00000000
00000000
00000000
00000000
00000000
00000000
00000000
00000000
00000000
00000000
00000000
00000000
00000000
00000000
00000000
00000000
00000000
00000000
00000000
00000000
00000000
00000000
00000000
00000000
00000000
00000000
00000000
00000000
00000000
00000000
00000000
00000000
00000000
00000000
00000000
00000000
00000000
00000000
00000000
00000000
00000000
00000000
00000000
00000000
00000000
00000000
00000000
00000000
00000000
00000000
00000000
00000000
00000000
00000000
00000000
00000000
00000000
00000000
00000000
00000000
00000000
00000000
00000000
00000000
00000000
00000000
00000000
00000000
00000000
00000000
00000000
00000000
00000000
00000000
00000000
00000000
00000000
00000000
00000000
00000000
00000000
00000000
00000000
00000000
00000000
00000000
00000000
00000000
00000000
00000000
00000000
00000000
00000000
00000000
00000000
00000000
00000000
00000000
00000000
00000000
00000000
00000000
00000000
00000000
00000000
00000000
00000000
00000000
00000000
00000000
00000000
00000000
00000000
00000000
00000000
00000000
00000000
00000000
00000000
00000000
00000000
00000000
00000000
00000000
00000000
00000000
00000000
00000000
00000000
00000000
00000000
00000000
00000000
00000000
00000000
00000000
00000000
00000000
00000000
00000000
00000000
00000000
00000000
00000000
00000000
00000000
00000000
00000000
00000000
00000000
00000000
00000000
00000000
00000000
00000000
00000000
00000000
00000000
00000000
00000000
00000000
00000000
00000000
00000000
00000000
00000000
00000000
00000000
00000000
00000000
00000000
00000000
00000000
00000000
00000000
00000000
00000000
00000000
00000000
00000000
00000000
00000000
00000000
00000000
00000000
00000000
00000000
00000000
00000000
00000000
00000000
00000000
00000000
00000000
00000000
00000000
00000000
00000000
00000000
00000000
00000000
00000000
00000000
00000000
00000000
00000000
00000000
00000000
00000000
00000000
00000000
00000000
00000000
00000000
00000000
00000000
00000000
00000000
00000000
00000000
00000000
00000000
00000000
00000000
00000000
00000000
00000000
00000000
00000000
00000000
00000000
00000000
00000000
00000000
00000000
00000000
00000000
00000000
00000000
00000000
00000000
00000000
00000000
00000000
00000000
00000000
00000000
00000000
00000000
00000000
00000000
00000000
00000000
00000000
00000000
00000000
00000000
00000000
00000000
00000000
00000000
00000000
00000000
00000000
00000000
00000000
00000000
00000000
00000000
00000000
00000000
00000000
00000000
00000000
00000000
00000000
00000000
00000000
00000000
00000000
00000000
00000000
00000000
00000000
00000000
00000000
00000000
00000000
00000000
00000000
00000000
00000000
00000000
00000000
00000000
00000000
00000000
00000000
00000000
00000000
00000000
00000000
00000000
00000000
00000000
00000000
00000000
00000000
00000000
00000000
00000000
00000000
00000000
00000000
00000000
00000000
00000000
00000000
00000000
00000000
00000000
00000000
00000000
00000000
00000000
00000000
00000000
00000000
00000000
00000000
00000000
00000000
00000000
00000000
00000000
00000000
00000000
00000000
00000000
00000000
00000000
00000000
00000000
00000000
00000000
00000000
00000000
00000000
00000000
00000000
00000000
00000000
00000000
00000000
00000000
00000000
00000000
00000000
00000000
00000000
00000000
00000000
00000000
00000000
00000000
00000000
00000000
00000000
00000000
00000000
00000000
00000000
00000000
00000000
00000000
00000000
00000000
00000000
00000000
00000000
00000000
00000000
00000000
00000000
00000000
00000000
00000000
00000000
00000000
00000000
00000000
00000000
00000000
00000000
00000000
00000000
00000000
00000000
00000000
00000000
00000000
00000000
00000000
00000000
00000000
00000000
00000000
00000000
00000000
00000000
00000000
00000000
00000000
00000000
00000000
00000000
00000000
00000000
00000000
00000000
00000000
00000000
00000000
00000000
00000000
00000000
00000000
00000000
00000000
00000000
00000000
00000000
00000000
00000000
00000000
00000000
00000000
00000000
00000000
00000000
00000000
00000000
00000000
00000000
00000000
00000000
00000000
00000000
00000000
00000000
00000000
00000000
00000000
00000000
00000000
00000000
00000000
00000000
00000000
00000000
00000000
00000000
00000000
00000000
00000000
00000000
00000000
00000000
00000000
00000000
00000000
00000000
00000000
00000000
00000000
00000000
00000000
00000000
00000000
00000000
00000000
00000000
00000000
00000000
00000000
00000000
00000000
00000000
00000000
00000000
00000000
00000000
00000000
00000000
00000000
00000000
00000000
00000000
00000000
00000000
00000000
00000000
00000000
00000000
00000000
00000000
00000000
00000000
00000000
00000000
00000000
00000000
00000000
00000000
00000000
00000000
00000000
00000000
00000000
00000000
00000000
00000000
00000000
00000000
00000000
00000000
00000000
00000000
00000000
00000000
00000000
00000000
00000000
00000000
00000000
00000000
00000000
00000000
00000000
00000000
00000000
00000000
00000000
00000000
00000000
00000000
00000000
00000000
00000000
00000000
00000000
00000000
00000000
00000000
00000000
00000000
00000000
00000000
00000000
00000000
00000000
00000000
00000000
00000000
00000000
00000000
00000000
00000000
00000000
00000000
00000000
00000000
00000000
00000000
00000000
00000000
00000000
00000000
00000000
00000000
00000000
00000000
00000000
00000000
00000000
00000000
00000000
00000000
00000000
00000000
00000000
00000000
00000000
00000000
00000000
00000000
00000000
00000000
00000000
00000000
00000000
00000000
00000000
00000000
00000000
00000000
00000000
00000000
00000000
00000000
00000000
00000000
00000000
00000000
00000000
00000000
00000000
00000000
00000000
00000000
00000000
00000000
00000000
00000000
00000000
00000000
00000000
00000000
00000000
00000000
00000000
00000000
00000000
00000000
00000000
00000000
00000000
00000000
00000000
00000000
00000000
00000000
00000000
00000000
00000000
00000000
00000000
00000000
00000000
00000000
00000000
00000000
00000000
00000000
00000000
00000000
00000000
00000000
00000000
00000000
00000000
00000000
00000000
00000000
00000000
00000000
00000000
00000000
00000000
00000000
00000000
00000000
00000000
00000000
00000000
00000000
00000000
00000000
00000000
00000000
00000000
00000000
00000000
00000000
00000000
00000000
00000000
00000000
00000000
00000000
00000000
00000000
00000000
00000000
00000000
00000000
00000000
00000000
00000000
00000000
00000000
00000000
00000000
00000000
00000000
00000000
00000000
00000000
00000000
00000000
00000000
00000000
00000000
00000000
00000000
00000000
00000000
00000000
00000000
00000000
00000000
00000000
00000000
00000000
00000000
00000000
00000000
00000000
00000000
00000000
00000000
00000000
00000000
00000000
00000000
00000000
00000000
00000000
00000000
00000000
00000000
00000000
00000000
00000000
00000000
00000000
00000000
00000000
00000000
00000000
00000000
00000000
00000000
00000000
00000000
00000000
00000000
00000000
00000000
00000000
00000000
00000000
00000000
00000000
00000000
00000000
00000000
00000000
00000000
00000000
00000000
00000000
00000000
00000000
00000000
00000000
00000000
00000000
00000000
00000000
00000000
00000000
00000000
00000000
00000000
00000000
00000000
00000000
00000000
00000000
00000000
00000000
00000000
00000000
00000000
00000000
00000000
00000000
00000000
00000000
00000000
00000000
00000000
00000000
00000000
00000000
00000000
00000000
00000000
00000000
00000000
00000000
00000000
00000000
00000000
00000000
00000000
00000000
00000000
00000000
00000000
00000000
00000000
00000000
00000000
00000000
00000000
00000000
00000000
00000000
00000000
00000000
00000000
00000000
00000000
00000000
00000000
00000000
00000000
00000000
00000000
00000000
00000000
00000000
00000000
00000000
00000000
00000000
00000000
00000000
00000000
00000000
00000000
00000000
00000000
00000000
00000000
00000000
00000000
00000000
00000000
00000000
00000000
00000000
00000000
00000000
00000000
00000000
00000000
00000000
00000000
00000000
00000000
00000000
00000000
00000000
00000000
00000000
00000000
00000000
00000000
00000000
00000000
00000000
00000000
00000000
00000000
00000000
00000000
00000000
00000000
00000000
00000000
00000000
00000000
00000000
00000000
00000000
00000000
00000000
00000000
00000000
00000000
00000000
00000000
00000000
00000000
00000000
00000000
00000000
00000000
00000000
00000000
00000000
00000000
00000000
00000000
00000000
00000000
00000000
00000000
00000000
00000000
00000000
00000000
00000000
00000000
00000000
00000000
00000000
00000000
00000000
00000000
00000000
00000000
00000000
00000000
00000000
00000000
00000000
00000000
00000000
00000000
00000000
00000000
00000000
00000000
00000000
00000000
00000000
00000000
00000000
00000000
00000000
00000000
00000000
00000000
00000000
00000000
00000000
00000000
00000000
00000000
00000000
00000000
00000000
00000000
00000000
00000000
00000000
00000000
00000000
00000000
00000000
00000000
00000000
00000000
00000000
00000000
00000000
00000000
00000000
00000000
00000000
00000000
00000000
00000000
00000000
00000000
00000000
00000000
00000000
00000000
00000000
00000000
00000000
00000000
00000000
00000000
00000000
00000000
00000000
00000000
00000000
00000000
00000000
00000000
00000000
00000000
00000000
00000000
00000000
00000000
00000000
00000000
00000000
00000000
00000000
00000000
00000000
00000000
00000000
00000000
00000000
00000000
00000000
00000000
00000000
00000000
00000000
00000000
00000000
00000000
00000000
00000000
00000000
00000000
00000000
00000000
00000000
00000000
00000000
00000000
00000000
00000000
00000000
00000000
00000000
00000000
00000000
00000000
00000000
00000000
00000000
00000000
00000000
00000000
00000000
00000000
00000000
00000000
00000000
00000000
00000000
00000000
00000000
00000000
00000000
00000000
00000000
00000000
00000000
00000000
00000000
00000000
00000000
00000000
00000000
00000000
00000000
00000000
00000000
00000000
00000000
00000000
00000000
00000000
00000000
00000000
00000000
00000000
00000000
00000000
00000000
00000000
00000000
00000000
00000000
00000000
00000000
00000000
00000000
00000000
00000000
00000000
00000000
00000000
00000000
00000000
00000000
00000000
00000000
00000000
00000000
00000000
00000000
00000000
00000000
00000000
00000000
00000000
00000000
00000000
00000000
00000000
00000000
00000000
00000000
00000000
00000000
00000000
00000000
00000000
00000000
00000000
00000000
00000000
00000000
00000000
00000000
00000000
00000000
00000000
00000000
00000000
00000000
00000000
00000000
00000000
00000000
00000000
00000000
00000000
00110001
00110000
00110001
00110000
00110001
00110000
00110001
00110000
00000000
00000000
00000000
00000000
00000000
00000000
00000000
00000000
00000000
00000000
00000000
00000000
00000000
00000000
00000000
00000000
00000000
00000000
00000000
00000000
00000000
00000000
00000000
00000000
00000000
00000000
00000000
00000000
00000000
00000000
00000000
00000000
00000000
00000000
00000000
00000000
00000000
00000000
00000000
00000000
00000000
00000000
00000000
00000000
00000000
00000000
00000000
00000000
00000000
00000000
00000000
00000000
00000000
00000000
00000000
00000000
00000000
00000000
00000000
00000000
00000000
00000000
00000000
00000000
00000000
00000000
00000000
00000000
00000000
00000000
00000000
00000000
00000000
00000000
00000000
00000000
00000000
00000000
00000000
00000000
00000000
00000000
00000000
00000000
00000000
00000000
00000000
00000000
00000000
00000000
00000000
00000000
00000000
00000000
00000000
00000000
00000000
00000000
00000000
00000000
00000000
00000000
00000000
00000000
00000000
00000000
00000000
00000000
00000000
00000000
00000000
00000000
00000000
00000000
00000000
00000000
00000000
00000000
