01010000
00000000
11110000
00000000
00000000
00000000
00000000
00000000
11111000
00000000
00000000
00000000
00000000
00000000
00000000
00000000
00000000
00000000
00000000
00000000
00000100
11010101
00101000
11111100
00000000
10110100
00000000
00000000
00010100
11011100
00000000
00011100
01110000
00100000
11101100
11110000
00011000
00000000
00000010
11111111
00000011
00101100
00000001
00000010
00000000
00011000
00000000
00000000
00011000
00000011
11100100
00000001
00000000
00000000
00010000
11110100
00000000
00000000
00000001
00010100
00000000
00011100
00100000
00001000
00100100
00000000
00000000
11100100
00011000
00000000
11110100
00011100
00000000
00000000
11111000
00100100
00000000
00000000
00000000
00010100
11111000
00000000
00000000
00000000
00001000
00011100
11101100
00000000
00001000
00001000
00000000
00010100
00000000
00000100
00000000
11110100
00010100
00110100
00000000
00010100
00000000
00000100
00000000
11110100
01110000
00000000
00100100
00000000
00000000
00000000
11011100
00000000
00000000
00111100
00000000
00111100
00000000
00000000
00000000
00001000
00010100
00000000
00000000
00000001
00000001
11110000
00001000
00000000
11100000
00000000
00011100
11011000
00000000
00000000
00000100
00000000
00000000
00011100
00001000
00100000
00000000
00000000
00000010
11110100
00001000
00000000
11100100
00000000
00000000
00001100
00000001
00000000
00001000
11001100
00000000
00000000
00001000
00011100
11100100
00100000
00000000
00000000
00000000
00000000
00000001
00010000
00000000
10101100
11111111
00000000
00001000
00011100
11001100
00011100
00100100
00101000
00101100
00000000
00100000
00110000
00000000
00000000
00000000
00000000
00010000
00100000
00111100
00000001
00000000
11111100
00000001
11111111
00000001
00011111
00000000
00000010
00000000
00001100
00100000
00110000
00000001
00111000
00000000
00000000
00010100
01100000
00000000
00111100
11111111
11110100
00000000
11111111
00011111
00000000
00000000
00010000
00000000
00010100
00000001
00000000
01100000
11110000
00000000
00000000
00010100
01100000
00000000
11101100
11111111
11110100
00000000
11111111
00011111
00000000
00000000
00000000
00011100
00100000
00100100
00101000
00101100
00110000
00001000
00110100
11000000
00110000
00111000
00111100
00000000
00101100
00110100
00000000
00000000
00000000
00101100
00000000
00000000
00000000
00011101
00110000
00011100
10011100
00011100
11001100
00000000
00100100
00000000
00001010
00000000
00011000
01011100
00010000
00000000
00000001
01011100
00101011
00101011
00001001
00110000
11000110
00000010
00000000
00000000
00000001
00001000
00000000
00110000
11111111
00000000
00000000
11011000
01000000
00000000
00101100
00101101
00000010
00100000
00101101
00000000
00101101
11001000
11111111
00010100
00000001
11111111
11111111
00000000
00000000
00000000
00000000
11011000
00000000
00000000
00000000
00101100
00110000
00110100
00111000
00111100
00001000
01000000
11000000
00101000
00101100
00110000
00110100
00111000
00111100
00000000
00100100
00000000
00000000
00000100
00000000
00001001
01100001
10001100
01000001
00100101
01101000
00000001
01100000
10000000
00100101
01010000
00000001
00101101
00001100
00000010
00000001
00001100
00000000
00000010
00000000
01100000
00110000
11110000
00000001
11111111
00011100
00000000
00000000
00000000
11010000
00000000
00000001
00000000
01100000
11010000
11111111
00000011
11011000
00000010
01110011
00100000
01100100
00000000
00001100
00000100
00011100
10101100
00000000
00110000
01111000
00000000
00000000
00001010
00000100
00011100
00000001
10111000
00000000
10101000
00000000
00010100
00000000
00000100
00011100
00011100
01011000
00011100
00000000
00000100
00011100
00000000
11000100
00010000
01110101
00100000
01100011
00000000
00000000
00000100
00011100
10100000
00001010
01001000
00000000
00000011
00000100
00100000
00100001
00100000
00000000
00010000
00000000
00100000
00000000
00000000
00000000
00000000
00000001
10111000
01100000
00000001
00000000
01100000
01110100
00010100
00000000
00000000
00000000
00000000
00000000
00100100
00101000
00101100
00110000
00110100
00111000
00111100
00001000
01000000
00001000
00001100
00010000
00010100
00011000
11100100
00100000
00100100
00100000
00000000
11001000
00100100
00000000
00001000
00011100
00000100
00001000
00001100
00010000
00010100
00011000
11100100
00100000
00100000
00000000
10001100
00000000
00000000
00001000
00011100
00000000
00000000
01110100
00100000
00000000
00000000
11110000
00001000
00000000
00000000
00000000
01101000
00100000
00000000
00000000
11110000
00000000
00000000
00000000
00000000
00001000
00000000
00011000
00011110
00000000
01100000
00000000
10100001
11111111
00000011
00001100
00100000
00000000
11111000
11111000
11010100
00000001
00001000
00000000
00000000
11111000
00000100
01100000
00101101
00010000
00000000
00000001
00000001
00000000
01100000
00110000
00100100
00001010
00000001
01100000
01111000
00010100
00001001
00000010
00010000
00001001
00000000
00000000
00011001
00000000
01100000
11010000
00000011
00101000
00000001
10111111
00000011
00011000
11001001
10011111
00000011
00011000
10101001
00000000
11111111
11000000
00000000
00001000
00000000
00001100
00000100
00000000
00001000
00001000
00000000
00000000
00000000
00000000
00000000
00000000
00001000
00000000
00001000
00000000
11100000
00000000
00011100
00000000
00100100
00000000
10111100
00101000
00001100
00000000
00000000
00101000
00000000
10111000
01000000
10111100
00110100
00000000
00111100
01000100
00000000
00011100
00100000
00100100
00101000
00101100
00110000
00111000
01001100
01001000
00000001
01001000
11011000
00000000
00000100
11111111
10111100
10001000
00100100
00000001
10101100
00000001
00000010
00000010
00000000
00011100
00000000
11111111
11111111
11111100
10000100
11111100
10000000
00000000
11100100
00000100
11111111
00000000
10111000
00000000
00000000
11001000
00000000
00000000
00000000
10001100
00000100
00000000
10011100
01001100
00000000
00000000
00000100
00000000
01010100
00000000
00000000
01001000
11111111
11111111
11111100
10001100
11111100
00000000
00000000
10010100
00000000
00011100
00100000
00100100
00101000
00101100
00110000
00110100
00111000
00111100
01000000
01000100
00001000
01001000
00000000
00000000
10001100
00000100
00000100
01010000
00000000
00000000
00000000
01110000
00000100
11001000
00000010
00000010
00000000
11111111
00000000
00000000
00000000
01111100
00000000
00000000
01000100
00000000
00000000
00000000
01101100
00000100
00000000
01110000
01001100
00000000
00000000
00000100
00000000
01100000
00000000
00000000
01010100
11111111
11111111
11111100
00010100
11111100
00000100
00000000
11111111
00000000
10010100
00000000
00000100
10001100
00000000
00000000
00000000
10101100
00000100
00000000
00000000
10011100
00000100
00000000
00000000
11111111
00000000
01001000
00000000
00000000
00100100
00000000
00000000
00000100
00000000
11001000
00000000
00000000
10111100
11111111
11111111
10000000
11111100
10110100
00000100
00000100
11000000
00000000
00000100
01000000
00000000
00111100
00010100
00000000
11111111
11100100
00000000
11111111
11011000
00000000
00000000
01101100
00000000
00111100
00011100
00000000
00000000
11101000
00000000
11100100
11100000
00000000
11111111
00100000
00011100
11100100
00000000
11111100
00000000
11111111
11110000
00000000
00011100
00001000
00100000
00011011
00000000
00000000
00100100
10010100
00000000
01001100
01010000
01010100
01011000
01011100
01100000
01100100
01101000
10000100
00101000
01100100
00111100
01110100
00000000
01110000
01101000
00000000
10000100
01011100
00000000
10110000
10011000
01001100
00000000
11001100
10101000
00111100
00000000
11101000
00110000
01100100
00001000
00100100
00010000
00101000
00011000
00010000
01001000
00001100
10000000
10000100
00000000
00000000
01101000
11110100
00000000
00000000
00000000
01100100
00100000
00000000
00000000
11110000
00110000
00101100
10000000
11000100
00001101
10001000
10111000
00000000
10011100
10101100
00000000
10101100
10100000
00000000
11111000
10010100
00000000
00101000
10001000
00000000
01010100
01111100
00000000
10011000
01110000
00000000
11000100
01100100
00000000
11111000
01011000
00000000
00101100
01001100
00000000
01100000
01000000
00000000
10100100
00110100
00000000
10101100
00101000
00000000
11111100
00011100
00000000
00000000
00101110
00000000
00000001
00100000
11110100
00000000
10101000
00100000
11101000
00100000
00100000
00000000
00000000
00011000
00000001
00000000
00001100
00001010
11010000
00101100
00010110
10011100
11111111
00000011
00011100
00000010
00111100
00000000
00101110
01110100
00101000
00101000
00000000
01100100
00101000
00000011
10000100
00000011
00000010
00001100
00000001
00000000
01010100
00000000
00000000
00100100
00000001
11101000
00000000
00100111
00100100
00100101
00100110
00000000
00100100
00000000
01100000
01100000
01100000
01100000
00011100
00011100
00000100
00000000
10110000
01011100
01010100
00000100
00000000
00000000
00000000
00000000
00000100
00000000
00000000
11110000
10111000
01101000
11011000
00000000
00000000
00000000
01100100
00100000
00000000
00000000
11110000
00010100
00000000
10000100
00101110
01111100
00000000
00000000
00000011
10011000
10001000
10001100
00000000
00000000
00000000
11001100
10100100
01110100
00000000
00000001
10110100
01100100
00011111
00000110
11000100
01010100
00000001
00000010
11010100
01000100
00000001
11100100
01000001
00110100
00000001
01111100
00101110
11111100
00000000
00000000
00000011
00100100
00010100
00101110
11100000
00000000
00000011
00000000
11111100
00011000
10100000
00100000
00100000
00000000
11111000
11111000
11101000
00000000
00011000
01111100
00100000
00100000
00000000
11111000
11111000
11101000
00000000
10111100
00111000
11111111
01010000
00100000
00100000
00000000
00100000
00001000
00000000
11111111
00000010
00000000
00000001
00000000
00000000
11001100
00000000
11110100
01100000
00000000
00001000
01010100
00000000
10110000
10000000
01000100
00000000
01110000
00111000
00000000
01101100
00000000
10000000
10010100
00101110
11110100
00101000
00101000
00000000
11100100
00101000
00000011
00001100
00000100
01101000
00000000
00000000
00100100
01111100
00000000
00100111
00100100
00100101
00100110
00100100
00000000
00000000
01100000
01100000
01100000
01100000
10110100
00011100
11111100
00011000
00000000
01010000
00100000
00100000
00000000
11111000
11111000
11101000
00000000
00011000
00101100
00100000
00100000
00000000
11111000
00000000
11111000
11100100
11111111
00000000
00000000
00000000
00000000
10111100
00111000
00000000
11101100
00100000
00100000
00001000
11111111
00000000
00000000
00000010
00000000
00000001
00000000
00000000
11010000
00000000
11110100
00000000
00000000
00001000
11110100
00000000
01010000
10000000
11100100
00000000
01110000
11011000
00000000
00001100
00000000
10000000
11000100
00000000
10001000
10111000
00000000
00000000
00000000
00000000
00000000
11110000
00100000
00001000
00101000
10010000
00000000
11011000
11111000
00000000
00101000
00000010
00111100
00000000
00100000
00000000
01101000
00000000
00000000
00001000
00001000
11111000
00000000
01101000
00000000
00000000
00001000
00001000
01101100
00000000
00110010
01011011
01011011
00110010
01101101
00000000
01101110
00100000
01110100
01100100
01110110
00100000
01101101
01100101
01110011
00000000
00100000
00110010
00000000
01100110
01110010
01101111
00101110
00000000
00101101
00101101
00101101
00101101
00101101
00101101
00101101
00101101
00101101
00001010
00000000
01101000
00100000
00100000
00100000
00100000
01110011
00000000
01010000
00100000
00100000
00100000
00100000
00101010
00000000
01101111
01100110
01110101
01111001
00100000
01100100
00100000
00000000
01101110
01110101
01101111
01100001
00100000
01100100
00101010
00000000
01100001
01100011
01100101
00100000
00100000
01100100
00101010
00000000
01101111
00100000
01101111
00100000
00100000
01100100
00101010
00000000
01100001
01100001
01100111
01100011
00101110
00000000
01101110
00000000
01110100
01100011
01110011
00100001
00000000
01000011
01100001
00001010
00000000
00100000
01100001
01100101
00100000
01111010
00111010
01101101
01100101
01111001
01101110
01110100
00100000
01100100
01110011
01101111
01110011
00111110
01110100
00000000
00100000
00100000
00100000
00100000
00100000
00111010
01100001
01100101
01110010
00100000
01101111
00000000
00100000
00100000
00100000
00100000
00100000
00111010
01110101
01100100
00100000
01101000
00000000
00100000
00100000
00100000
00100000
00100000
00111010
01110110
01100100
00100000
01110100
01110100
00100000
00100000
01100001
01100011
00001010
00000000
00100000
01100001
01100101
00100000
00100000
00111010
01101101
01101111
01100100
01110011
00000000
00100000
00100000
00100000
00100000
00100000
00111010
01100001
01100101
01110100
01111010
00100000
00001010
00000000
00100000
01100001
01100101
00100000
00100000
00111010
01100001
01100101
01111001
00100000
01100100
01110011
00000000
00100000
01100001
01100101
00100000
00100000
00111010
01100001
01110011
01110100
01100001
01100101
00001010
00000000
00100000
01100001
01100101
00100000
01110100
00111010
01101001
00111100
01100001
01101110
01110100
01101101
01110010
01110100
01100100
01110011
00000000
00100000
00000000
00100000
00100000
00100000
00100000
00100000
00111010
01100001
01110011
01110100
01000001
01000001
01011111
01001111
01000010
01011111
01010010
00100000
01101110
01101101
00000000
00100000
00000000
01110010
00100000
01110100
00100000
01100010
01100001
01101110
00000000
01110010
00111010
00100101
00100000
01100001
01111000
01111000
01000011
00100101
00100101
00001010
00000000
01110011
00100000
01100101
01101100
01101101
00101110
00000000
01110011
01100111
01110100
01100001
00101110
00000000
01110010
01100111
01100101
01101111
01101101
00001010
00000000
01100100
00100000
00101110
00000000
01000011
01101100
00100000
00000000
01011010
01101100
00100000
00000000
00100000
01101100
00100000
00000000
01000101
01101100
00100000
00000000
01100010
01110011
01110000
00001010
00000000
01100011
01100111
01100101
01110101
00101110
00000000
01110010
00000000
01100001
00100000
01101101
00001010
00000000
10110000
01001000
00010100
10111100
10111100
01110100
10101000
10111100
10111100
11011000
10111100
10111100
10111100
10111100
00101000
01000100
10111100
10111100
10111100
00110000
10111100
10111100
10101000
01000001
01000001
01001110
00000000
01110010
01101100
00100000
00110110
00000000
00000000
10010110
00101100
10111010
00011001
10001111
00110101
10100011
00110010
10100100
00011110
10001000
00101011
10111101
00000111
10010001
01100100
11110010
01001000
11011110
01111101
11101011
01010001
11000111
01010110
11000000
01111010
11101100
01001111
11011001
01100011
11110101
11001000
01011110
11100100
01110010
11010001
01000111
11111101
01101011
11111010
01101100
11010110
01000000
11100011
01110101
11001111
01011001
10101100
00111010
10000000
00010110
10110101
00100011
10011001
00001111
10011110
00001000
10110010
00100100
10000111
00010001
10101011
00111101
10010000
00000110
10111100
00101010
10001001
00011111
10100101
00110011
10100010
00110100
10001110
00011000
10111011
00101101
10010111
00000001
11110100
01100010
11011000
01001110
11101101
01111011
11000001
01010111
11000110
01010000
11101010
01111100
11011111
01001001
11110011
01100101
01011000
11001110
01110100
11100010
01000001
11010111
01101101
11111011
01101010
11111100
01000110
11010000
01110011
11100101
01011111
11001001
00111100
10101010
00010000
10000110
00100101
10110011
00001001
10011111
00001110
10011000
00100010
10110100
00010111
10000001
00111011
10101101
00100000
10110110
00001100
10011010
00111001
10101111
00010101
10000011
00010010
10000100
00111110
10101000
00001011
10011101
00100111
10110001
01000100
11010010
01101000
11111110
01011101
11001011
01110001
11100111
01110110
11100000
01011010
11001100
01101111
11111001
01000011
11010101
11101000
01111110
11000100
01010010
11110001
01100111
11011101
01001011
11011010
01001100
11110110
01100000
11000011
01010101
11101111
01111001
10001100
00011010
10100000
00110110
10010101
00000011
10111001
00101111
10111110
00101000
10010010
00000100
10100111
00110001
10001011
00011101
10110000
00100110
10011100
00001010
10101001
00111111
10000101
00010011
10000010
00010100
10101110
00111000
10011011
00001101
10110111
00100001
11010100
01000010
11111000
01101110
11001101
01011011
11100001
01110111
11100110
01110000
11001010
01011100
11111111
01101001
11010011
01000101
01111000
11101110
01010100
11000010
01100001
11110111
01001101
11011011
01001010
11011100
01100110
11110000
01010011
11000101
01111111
11101001
00011100
10001010
00110000
10100110
00000101
10010011
00101001
10111111
00101110
10111000
00000010
10010100
00110111
10100001
00011011
10001101
11110000
00000000
00000000
00000000
00000000
00000000
00000000
00000000
00000000
00000000
00000000
00000000
11110000
00000000
00000000
00000000
00000000
00000000
00000000
00000000
00000000
11000000
00000000
00000000
00000000
00000000
00000000
00000000
00000000
00000000
00000000
00000000
00000000
00000000
00000000
00000000
00000000
00000000
00000000
00000000
00000000
00000000
00000000
00000000
00000000
00000000
00000000
00000000
00000000
00000000
00000000
00000000
00000000
00000000
00000000
00000000
00000000
00000000
00000000
00000000
00000000
00000000
00000000
00000000
00000000
00000000
00000000
00000000
00000000
00000000
00000000
00000000
00000000
00000000
11111111
00000000
11111111
00000000
00000000
00000000
00000000
00110000
00110000
00000000
00000000
00000000
00000000
00000000
00000000
00000000
00000000
00000000
00000000
00000000
00000000
00000000
00000000
00000000
00000000
00000000
00000000
00000000
00000000
00000000
00000000
00000000
00000000
00000000
00000000
00000000
00000000
00000000
00000000
00000000
00000000
00000000
00000000
00000000
00000000
00000000
00000000
00000000
00000000
00000000
00000000
00000000
00000000
00000000
00000000
00000000
00000000
00000000
00000000
00000000
00000000
00000000
00000000
00000000
00000000
00000000
00000000
00000000
00000000
00000000
00000000
00000000
00000000
00000000
00000000
00000000
00000000
00000000
00000000
00000000
00000000
00000000
00000000
00000000
00000000
00000000
00000000
00000000
00000000
00000000
00000000
00000000
00000000
00000000
00000000
00000000
00000000
00000000
00000000
00000000
00000000
00000000
00000000
00000000
00000000
00000000
00000000
00000000
00000000
00000000
00000000
00000000
00000000
00000000
00000000
00000000
00000000
00000000
00000000
00000000
00000000
00000000
00000000
00000000
00000000
00000000
00000000
00000000
00000000
00000000
00000000
00000000
00000000
00000000
00000000
00000000
00000000
00000000
00000000
00000000
00000000
00000000
00000000
00000000
00000000
00000000
00000000
00000000
00000000
00000000
00000000
00000000
00000000
00000000
00000000
00000000
00000000
00000000
00000000
00000000
00000000
00000000
00000000
00000000
00000000
00000000
00000000
00000000
00000000
00000000
00000000
00000000
00000000
00000000
00000000
00000000
00000000
00000000
00000000
00000000
00000000
00000000
00000000
00000000
00000000
00000000
00000000
00000000
00000000
00000000
00000000
00000000
00000000
00000000
00000000
00000000
00000000
00000000
00000000
00000000
00000000
00000000
00000000
00000000
00000000
00000000
00000000
00000000
00000000
00000000
00000000
00000000
00000000
00000000
00000000
00000000
00000000
00000000
00000000
00000000
00000000
00000000
00000000
00000000
00000000
00000000
00000000
00000000
00000000
00000000
00000000
00000000
00000000
00000000
00000000
00000000
00000000
00000000
00000000
00000000
00000000
00000000
00000000
00000000
00000000
00000000
00000000
00000000
00000000
00000000
00000000
00000000
00000000
00000000
00000000
00000000
00000000
00000000
00000000
00000000
00000000
00000000
00000000
00000000
00000000
00000000
00000000
00000000
00000000
00000000
00000000
00000000
00000000
00000000
00000000
00000000
00000000
00000000
00000000
00000000
00000000
00000000
00000000
00000000
00000000
00000000
00000000
00000000
00000000
00000000
00000000
00000000
00000000
00000000
00000000
00000000
00000000
00000000
00000000
00000000
00000000
00000000
00000000
00000000
00000000
00000000
00000000
00000000
00000000
00000000
00000000
00000000
00000000
00000000
00000000
00000000
00000000
00000000
00000000
00000000
00000000
00000000
00000000
00000000
00000000
00000000
00000000
00000000
00000000
00000000
00000000
00000000
00000000
00000000
00000000
00000000
00000000
00000000
00000000
00000000
00000000
00000000
00000000
00000000
00000000
00000000
00000000
00000000
00000000
00000000
00000000
00000000
00000000
00000000
00000000
00000000
00000000
00000000
00000000
00000000
00000000
00000000
00000000
00000000
00000000
00000000
00000000
00000000
00000000
00000000
00000000
00000000
00000000
00000000
00000000
00000000
00000000
00000000
00000000
00000000
00000000
00000000
00000000
00000000
00000000
00000000
00000000
00000000
00000000
00000000
00000000
00000000
00000000
00000000
00000000
00000000
00000000
00000000
00000000
00000000
00000000
00000000
00000000
00000000
00000000
00000000
00000000
00000000
00000000
00000000
00000000
00000000
00000000
00000000
00000000
00000000
00000000
00000000
00000000
00000000
00000000
00000000
00000000
00000000
00000000
00000000
00000000
00000000
00000000
00000000
00000000
00000000
00000000
00000000
00000000
00000000
00000000
00000000
00000000
00000000
00000000
00000000
00000000
00000000
00000000
00000000
00000000
00000000
00000000
00000000
00000000
00000000
00000000
00000000
00000000
00000000
00000000
00000000
00000000
00000000
00000000
00000000
00000000
00000000
00000000
00000000
00000000
00000000
00000000
00000000
00000000
00000000
00000000
00000000
00000000
00000000
00000000
00000000
00000000
00000000
00000000
00000000
00000000
00000000
00000000
00000000
00000000
00000000
00000000
00000000
00000000
00000000
00000000
00000000
00000000
00000000
00000000
00000000
00000000
00000000
00000000
00000000
00000000
00000000
00000000
00000000
00000000
00000000
00000000
00000000
00000000
00000000
00000000
00000000
00000000
00000000
00000000
00000000
00000000
00000000
00000000
00000000
00000000
00000000
00000000
00000000
00000000
00000000
00000000
00000000
00000000
00000000
00000000
00000000
00000000
00000000
00000000
00000000
00000000
00000000
00000000
00000000
00000000
00000000
00000000
00000000
00000000
00000000
00000000
00000000
00000000
00000000
00000000
00000000
00000000
00000000
00000000
00000000
00000000
00000000
00000000
00000000
00000000
00000000
00000000
00000000
00000000
00000000
00000000
00000000
00000000
00000000
00000000
00000000
00000000
00000000
00000000
00000000
00000000
00000000
00000000
00000000
00000000
00000000
00000000
00000000
00000000
00000000
00000000
00000000
00000000
00000000
00000000
00000000
00000000
00000000
00000000
00000000
00000000
00000000
00000000
00000000
00000000
00000000
00000000
00000000
00000000
00000000
00000000
00000000
00000000
00000000
00000000
00000000
00000000
00000000
00000000
00000000
00000000
00000000
00000000
00000000
00000000
00000000
00000000
00000000
00000000
00000000
00000000
00000000
00000000
00000000
00000000
00000000
00000000
00000000
00000000
00000000
00000000
00000000
00000000
00000000
00000000
00000000
00000000
00000000
00000000
00000000
00000000
00000000
00000000
00000000
00000000
00000000
00000000
00000000
00000000
00000000
00000000
00000000
00000000
00000000
00000000
00000000
00000000
00000000
00000000
00000000
00000000
00000000
00000000
00000000
00000000
00000000
00000000
00000000
00000000
00000000
00000000
00000000
00000000
00000000
00000000
00000000
00000000
00000000
00000000
00000000
00000000
00000000
00000000
00000000
00000000
00000000
00000000
00000000
00000000
00000000
00000000
00000000
00000000
00000000
00000000
00000000
00000000
00000000
00000000
00000000
00000000
00000000
00000000
00000000
00000000
00000000
00000000
00000000
00000000
00000000
00000000
00000000
00000000
00000000
00000000
00000000
00000000
00000000
00000000
00000000
00000000
00000000
00000000
00000000
00000000
00000000
00000000
00000000
00000000
00000000
00000000
00000000
00000000
00000000
00000000
00000000
00000000
00000000
00000000
00000000
00000000
00000000
00000000
00000000
00000000
00000000
00000000
00000000
00000000
00000000
00000000
00000000
00000000
00000000
00000000
00000000
00000000
00000000
00000000
00000000
00000000
00000000
00000000
00000000
00000000
00000000
00000000
00000000
00000000
00000000
00000000
00000000
00000000
00000000
00000000
00000000
00000000
00000000
00000000
00000000
00000000
00000000
00000000
00000000
00000000
00000000
00000000
00000000
00000000
00000000
00000000
00000000
00000000
00000000
00000000
00000000
00000000
00000000
00000000
00000000
00000000
00000000
00000000
00000000
00000000
00000000
00000000
00000000
00000000
00000000
00000000
00000000
00000000
00000000
00000000
00000000
00000000
00000000
00000000
00000000
00000000
00000000
00000000
00000000
00000000
00000000
00000000
00000000
00000000
00000000
00000000
00000000
00000000
00000000
00000000
00000000
00000000
00000000
00000000
00000000
00000000
00000000
00000000
00000000
00000000
00000000
00000000
00000000
00000000
00000000
00000000
00000000
00000000
00000000
00000000
00000000
00000000
00000000
00000000
00000000
00000000
00000000
00000000
00000000
00000000
00000000
00000000
00000000
00000000
00000000
00000000
00000000
00000000
00000000
00000000
00000000
00000000
00000000
00000000
00000000
00000000
00000000
00000000
00000000
00000000
00000000
00000000
00000000
00000000
00000000
00000000
00000000
00000000
00000000
00000000
00000000
00000000
00000000
00000000
00000000
00000000
00000000
00000000
00000000
00000000
00000000
00000000
00000000
00000000
00000000
00000000
00000000
00000000
00000000
00000000
00000000
00000000
00000000
00000000
00000000
00000000
00000000
00000000
00000000
00000000
00000000
00000000
00000000
00000000
00000000
00000000
00000000
00000000
00000000
00000000
00000000
00000000
00000000
00000000
00000000
00000000
00000000
00000000
00000000
00000000
00000000
00000000
00000000
00000000
00000000
00000000
00000000
00000000
00000000
00000000
00000000
00000000
00000000
00000000
00000000
00000000
00000000
00000000
00000000
00000000
00000000
00000000
00000000
00000000
00000000
00000000
00000000
00000000
00000000
00000000
00000000
00000000
00000000
00000000
00000000
00000000
00000000
00000000
00000000
00000000
00000000
00000000
00000000
00000000
00000000
00000000
00000000
00000000
00000000
00000000
00000000
00000000
00000000
00000000
00000000
00000000
00000000
00000000
00000000
00000000
00000000
00000000
00000000
00000000
00000000
00000000
00000000
00000000
00000000
00000000
00000000
00000000
00000000
00000000
00000000
00000000
00000000
00000000
00000000
00000000
00000000
00000000
00000000
00000000
00000000
00000000
00000000
00000000
00000000
00000000
00000000
00000000
00000000
00000000
00000000
00000000
00000000
00000000
00000000
00000000
00000000
00000000
00000000
00000000
00000000
00000000
00000000
00000000
00000000
00000000
00000000
00000000
00000000
00000000
00000000
00000000
00000000
00000000
00000000
00000000
00000000
00000000
00000000
00000000
00000000
00000000
00000000
00000000
00000000
00000000
00000000
00000000
00000000
00000000
00000000
00000000
00000000
00000000
00000000
00000000
00000000
00000000
00000000
00000000
00000000
00000000
00000000
00000000
00000000
00000000
00000000
00000000
00000000
00000000
00000000
00000000
00000000
00000000
00000000
00000000
00000000
00000000
00000000
00000000
00000000
00000000
00000000
00000000
00000000
00000000
00000000
00000000
00000000
00000000
00000000
00000000
00000000
00000000
00000000
00000000
00000000
00000000
00000000
00000000
00000000
00000000
00000000
00000000
00000000
00000000
00000000
00000000
00000000
00000000
00000000
00000000
00000000
00000000
00000000
00000000
00000000
00000000
00000000
00000000
00000000
00000000
00000000
00000000
00000000
00000000
00000000
00000000
00000000
00000000
00000000
00000000
00000000
00000000
00000000
00000000
00000000
00000000
00000000
00000000
00000000
00000000
00000000
00000000
00000000
00000000
00000000
00000000
00000000
00000000
00000000
00000000
00000000
00000000
00000000
00000000
00000000
00000000
00000000
00000000
00000000
00000000
00000000
00000000
00000000
00000000
00000000
00000000
00000000
00000000
00000000
00000000
00000000
00000000
00000000
00000000
00000000
00000000
00000000
00000000
00000000
00000000
00000000
00000000
00000000
00000000
00000000
00000000
00000000
00000000
00000000
00000000
00000000
00000000
00000000
00000000
00000000
00000000
00000000
00000000
00000000
00000000
00000000
00000000
00000000
00000000
00000000
00000000
00000000
00000000
00000000
00000000
00000000
00000000
00000000
00000000
00000000
00000000
00000000
00000000
00000000
00000000
00000000
00000000
00000000
00000000
00000000
00000000
00000000
00000000
00000000
00000000
00000000
00000000
00000000
00000000
00000000
00000000
00000000
00000000
00000000
00000000
00000000
00000000
00000000
00000000
00000000
00000000
00000000
00000000
00000000
00000000
00000000
00000000
00000000
00000000
00000000
00000000
00000000
00000000
00000000
00000000
00000000
00000000
00000000
00000000
00000000
00000000
00000000
00000000
00000000
00000000
00000000
00000000
00000000
00000000
00000000
00000000
00000000
00000000
00000000
00000000
00000000
00000000
00000000
00000000
00000000
00000000
00000000
00000000
00000000
00000000
00000000
00000000
00000000
00000000
00000000
00000000
00000000
00000000
00000000
00000000
00000000
00000000
00000000
00000000
00000000
00000000
00000000
00000000
00000000
00000000
00000000
00000000
00000000
00000000
00000000
00000000
00000000
00000000
00000000
00000000
00000000
00000000
00000000
00000000
00000000
00000000
00000000
00000000
00000000
00000000
00000000
00000000
00000000
00000000
00000000
00000000
00000000
00000000
00000000
00000000
00000000
00000000
00000000
00000000
00000000
00000000
00000000
00000000
00000000
00000000
00000000
00000000
00000000
00000000
00000000
00000000
00000000
00000000
00000000
00000000
00000000
00000000
00000000
00000000
00000000
00000000
00000000
00000000
00000000
00000000
00000000
00000000
00000000
00000000
00000000
00000000
00000000
00000000
00000000
00000000
00000000
00000000
00000000
00000000
00000000
00000000
00000000
00000000
00000000
00000000
00000000
00000000
00000000
00000000
00000000
00000000
00000000
00000000
00000000
00000000
00000000
00000000
00000000
00000000
00000000
00000000
00000000
00000000
00000000
00000000
00000000
00000000
00000000
00000000
00000000
00000000
00000000
00000000
00000000
00000000
00000000
00000000
00000000
00000000
00000000
00000000
00000000
00000000
00000000
00000000
00000000
00000000
00000000
00000000
00000000
00000000
00000000
00000000
00000000
00000000
00000000
00000000
00000000
00000000
00000000
00000000
00000000
00000000
00000000
00000000
00000000
00000000
00000000
00000000
00000000
00000000
00000000
00000000
00000000
00000000
00000000
00000000
00000000
00000000
00000000
00000000
00000000
00000000
00000000
00000000
00000000
00000000
00000000
00000000
00000000
00000000
00000000
00000000
00000000
00000000
00000000
00000000
00000000
00000000
00000000
00000000
00000000
00000000
00000000
00000000
00000000
00000000
00000000
00000000
00000000
00000000
00000000
00000000
00000000
00000000
00000000
00000000
00000000
00000000
00000000
00000000
00000000
00000000
00000000
00000000
00000000
00000000
00000000
00000000
00000000
00000000
00000000
00000000
00000000
00000000
00000000
00000000
00000000
00000000
00000000
00000000
00000000
00000000
00000000
00000000
00000000
00000000
00000000
00000000
00000000
00000000
00000000
00000000
00000000
00000000
00000000
00000000
00000000
00000000
00000000
00000000
00000000
00000000
00000000
00000000
00000000
00000000
00000000
00000000
00000000
00000000
00000000
00000000
00000000
00000000
00000000
00000000
00000000
00000000
00000000
00000000
00000000
00000000
00000000
00000000
00000000
00000000
00000000
00000000
00000000
00000000
00000000
00000000
00000000
00000000
00000000
00000000
00000000
00000000
00000000
00000000
00000000
00000000
00000000
00000000
00000000
00000000
00000000
00000000
00000000
00000000
00000000
00000000
00000000
00000000
00000000
00000000
00000000
00000000
00000000
00000000
00000000
00000000
00000000
00000000
00000000
00000000
00000000
00000000
00000000
00000000
00000000
00000000
00000000
00000000
00000000
00000000
00000000
00000000
00000000
00000000
00000000
00000000
00000000
00000000
00000000
00000000
00000000
00000000
00000000
00000000
00000000
00000000
00000000
00000000
00000000
00000000
00000000
00000000
00000000
00000000
00000000
00000000
00000000
00000000
00000000
00000000
00000000
00000000
00000000
00000000
00000000
00000000
00000000
00000000
00000000
00000000
00000000
00000000
00000000
00000000
00000000
00000000
00000000
00000000
00000000
00000000
00000000
00000000
00000000
00000000
00000000
00000000
00000000
00000000
00000000
00000000
00000000
00000000
00000000
00000000
00000000
00000000
00000000
00000000
00000000
00000000
00000000
00000000
00000000
00000000
00000000
00000000
00000000
00000000
00000000
00000000
00000000
00000000
00000000
00000000
00000000
00000000
00000000
00000000
00000000
00000000
00000000
00000000
00000000
00000000
00000000
00000000
00000000
00000000
00000000
00000000
00000000
00000000
00000000
00000000
00000000
00000000
00000000
00000000
00000000
00000000
00000000
00000000
00000000
00000000
00000000
00000000
00000000
00000000
00000000
00000000
00000000
00000000
00000000
00000000
00000000
00000000
00000000
00000000
00000000
00000000
00000000
00000000
00000000
00000000
00000000
00000000
00000000
00000000
00000000
00000000
00000000
00000000
00000000
00000000
00000000
00000000
00000000
00000000
00000000
00000000
00000000
00000000
00000000
00000000
00000000
00000000
00000000
00000000
00000000
00000000
00000000
00000000
00000000
00000000
00000000
00000000
00000000
00000000
00000000
00000000
00000000
00000000
00000000
00000000
00000000
00000000
00000000
00000000
00000000
00000000
00000000
00000000
00000000
00000000
00000000
00000000
00000000
00000000
00000000
00000000
00000000
00000000
00000000
00000000
00000000
00000000
00000000
00000000
00000000
00000000
00000000
00000000
00000000
00000000
00000000
00000000
00000000
00000000
00000000
00000000
00000000
00000000
00000000
00000000
00000000
00000000
00000000
00000000
00000000
00000000
00000000
00000000
00000000
00000000
00000000
00000000
00000000
00000000
00000000
00000000
00000000
00000000
00000000
00000000
00000000
00000000
00000000
00000000
00000000
00000000
00000000
00000000
00000000
00000000
00000000
00000000
00000000
00000000
00000000
00000000
00000000
00000000
00000000
00000000
00000000
00000000
00000000
00000000
00000000
00000000
00000000
00000000
00000000
00000000
00000000
00000000
00000000
00000000
00000000
00000000
00000000
00000000
00000000
00000000
00000000
00000000
00000000
00000000
00000000
00000000
00000000
00000000
00000000
00000000
00000000
00000000
00000000
00000000
00000000
00000000
00000000
00000000
00000000
00000000
00000000
00000000
00000000
00000000
00000000
00000000
00000000
00000000
00000000
00000000
00000000
00000000
00000000
00000000
00000000
00000000
00000000
00000000
00000000
00000000
00000000
00000000
00000000
00000000
00000000
00000000
00000000
00000000
00000000
00000000
00000000
00000000
00000000
00000000
00000000
00000000
00000000
00000000
00000000
00000000
00000000
00000000
00000000
00000000
00000000
00000000
00000000
00000000
00000000
00000000
00000000
00000000
00000000
00000000
00000000
00000000
00000000
00000000
00000000
00000000
00000000
00000000
00000000
00000000
00000000
00000000
00000000
00000000
00000000
00000000
00000000
00000000
00000000
00000000
00000000
00000000
00000000
00000000
00000000
00000000
00000000
00000000
00000000
00000000
00000000
00000000
00000000
00000000
00000000
00000000
00000000
00000000
00000000
00000000
00000000
00000000
00000000
00000000
00000000
00000000
00000000
00000000
00110001
00110000
00110001
00110000
00110001
00110000
00110001
00110001
00000000
00000000
00000000
00000000
00000000
00000000
00000000
00000000
00000000
00000000
00000000
00000000
00000000
00000000
00000000
00000000
00000000
00000000
00000000
00000000
00000000
00000000
00000000
00000000
00000000
00000000
00000000
00000000
00000000
00000000
00000000
00000000
00000000
00000000
00000000
00000000
00000000
00000000
00000000
00000000
00000000
00000000
00000000
00000000
00000000
00000000
00000000
00000000
00000000
00000000
00000000
00000000
00000000
00000000
00000000
00000000
00000000
00000000
00000000
00000000
00000000
00000000
00000000
00000000
00000000
00000000
00000000
00000000
00000000
00000000
00000000
00000000
00000000
00000000
00000000
00000000
00000000
00000000
00000000
00000000
00000000
00000000
00000000
00000000
00000000
00000000
00000000
00000000
00000000
00000000
00000000
00000000
00000000
00000000
00000000
00000000
00000000
00000000
00000000
00000000
00000000
00000000
00000000
00000000
00000000
00000000
00000000
00000000
00000000
00000000
00000000
00000000
00000000
00000000
00000000
00000000
00000000
00000000
