00001000
00000000
00001000
00000000
00001000
00000000
00000000
00000000
00001000
00000000
00000000
00000000
00000000
00000000
00000000
00000000
00000000
00000000
00000000
00000000
10100000
01000000
00100000
11110100
00000000
11110100
10100011
00000000
01100000
00100001
11100001
01100001
00100011
11000001
11000000
01100000
01100000
01110110
01110011
01110011
10010011
10100100
01100011
10000011
10000100
01100000
11111100
00000000
01100000
10010011
01000100
01100011
00000000
01100000
00000011
10100000
11111100
00000000
01100000
01100000
11100001
01100001
11000001
00001111
00100001
00000000
01100000
00100001
00000011
11100001
10100000
11000000
11111100
00000000
01100000
00000011
11100001
00000000
01100000
00000011
10100000
11111100
00000000
11100001
00001111
00100001
00100001
11100001
11000000
11100000
01000110
01110010
00000110
11000110
01000110
10010010
11000000
11100000
01000110
01110010
00000110
11000110
01000110
10010010
11110100
00000000
11110100
00000000
11000000
11100000
11110100
10100000
01100011
11110100
00000000
11110100
00000000
11100001
01110011
00001111
00100001
00000000
01100000
01100011
01100011
00100011
00001111
00000000
00100001
11100001
01100001
11110100
01100101
00000000
01100000
01110011
11100001
01100001
00001111
00100001
00000000
01100000
01100011
00100011
00001111
00000000
00100001
11100001
00000000
10100000
01100000
00000000
01100000
11110100
00000000
11100001
00001111
00100001
00100001
00000101
11100001
01100101
11000011
01100101
01100011
00010000
01100101
11110100
10100110
11100001
00001111
00100001
00100001
01100001
11100001
00000001
00100001
11100001
11000001
01000001
00100101
00000110
01100111
01100000
10000111
11100000
00010000
00001000
10000011
00100100
01100011
01100011
10010011
10000100
01100011
01101000
01110011
00000011
11100000
11100000
00001000
00101000
11000000
11010011
00010000
01010111
11011010
11110100
11010110
10010110
10111001
11010011
11010110
11010011
01110110
00010000
00010110
11110100
11010110
11010110
11000110
00100110
10111001
00010011
00010000
11110111
11010111
11110100
00011000
10011000
10111001
01110011
01100011
01110011
01110110
11100001
01100001
11000001
11100001
00000001
00100001
01000001
00001111
00100001
00100001
11000001
00000001
00100001
11100001
01100001
11100001
00100101
11001001
00001010
00100110
10000110
11101001
00001010
11000001
01100000
11000001
11110100
01100001
00010000
11100001
00001000
11100000
01100000
01100111
00000011
10100001
10100110
10000110
11100000
10100001
00000001
01100001
11000000
00010000
10100101
01100111
00000011
10001000
00000100
10101000
10000100
10000100
01110011
10010011
10000011
00100100
00010111
01110011
00010110
10000000
10011000
00000100
10000000
10111001
11000000
11110100
11010110
00010000
11100000
01110011
10000011
11100000
10111001
11010011
11110110
11110100
00011000
01110111
11100001
01100001
11000001
11100001
00000001
00100001
00001111
00100001
00100001
11000001
11100001
00000001
00100001
01000001
01100001
11100001
01100001
00000101
01100110
11000110
11100000
01100000
00100000
00010000
01000000
01001010
00101010
10010011
10000100
00000100
10100100
00000101
01110011
10000100
00100100
01110011
01000000
00010000
01100011
01001010
01110011
01100011
01100011
00000011
01110011
01110011
00010000
00100000
00100100
00101001
01100011
00101001
01110011
10010011
01100100
10000100
10000100
10000100
10100100
10001001
10000011
00100100
10000011
11010110
00100110
11010110
11000000
00010000
10111000
00100100
00000011
10111000
11010110
11100000
11010110
00100001
00000000
11110100
00000000
00010000
11110111
00101000
11010110
11010110
00010000
00100001
00000011
00101000
11010110
11010110
01000001
10111000
00010000
11100000
00000011
00101000
01100011
11010110
10111000
11010110
00100001
00010000
11100000
00100011
10111000
10010110
11010110
10000001
01100001
11000001
11101001
11110100
00001010
00010000
11110111
01100011
11010011
10111000
11110111
11110100
11000110
01110011
01010011
01001010
00101010
00011000
01110111
01111000
00000011
01110111
11100001
01100001
11000001
11100001
00000001
00100001
01000001
01100001
00001111
00100001
11000001
11100001
00000001
00100001
01000001
00100001
10100001
11000001
10100001
11100001
11110100
11000001
11100001
00001111
00100001
10100001
11000001
11100001
00000001
00100001
01000001
00100001
10100001
11000001
11100001
11110100
10100000
11100001
00001111
00100001
00000000
01100000
00000011
01100011
00000000
10000011
00100100
00001111
00000000
00000000
01100000
00000011
01100011
00000000
10000011
00100100
00000000
00000000
00000000
00000000
00001111
00000000
01100000
11100000
10000101
10000100
10000110
10000100
10000100
10000100
10100100
10000000
10000110
01100011
10000011
00100100
11000110
00001111
00000000
01100101
00100001
01100001
01100011
01100011
00100011
00100000
10100101
00100000
01100101
01100011
01100011
00100011
01100000
01100101
01100011
01100011
00100011
11100000
10100101
01100000
11100000
10000111
01100000
01000000
10000101
10000100
00000100
01101000
10110011
10100101
00000100
00001000
10101000
00000100
00000100
00001000
01001000
00000100
01100011
11100111
00100111
01101000
00000110
10100110
00001001
01100001
01100011
00001111
00100001
00010001
00000000
10010001
00000000
00101110
00000000
00001111
00000000
00001111
00000000
00100001
11000000
01100001
11100001
11110100
01100101
10000000
01100100
00000011
11111100
10100100
11110100
10110011
00100001
11000001
11000000
01100001
01100110
10100001
11100001
11100001
01100001
11000001
11100001
00000001
00100001
01000001
10000001
10100001
11111110
10100000
11111110
00010111
10011111
01110111
01100011
01010011
00110111
00011011
11000011
00011001
00000011
11010011
00011000
11011001
00010000
00010111
01110011
01110011
11010110
00000011
00011000
01110110
01100011
00100011
01010111
11011010
11100110
00000111
10011000
01111000
00000100
01111101
11011001
11000011
00000110
10111001
01100011
00000011
10100001
11111100
10110110
01110111
01000011
00111010
01111100
01100011
00100011
01110011
01110011
11010110
00100011
00011000
00000000
01100000
00100011
11100001
01100001
11000001
11100001
00000001
00100001
01000001
01100001
10000001
10100001
11000001
11100001
00001111
00100001
11111100
00000000
00010000
01110111
11010111
00010000
01000110
11111100
11010110
00010000
01110111
00011001
11010110
01010011
00000011
01100011
11010111
11000011
01011001
00000110
10010110
00010110
00000100
01111101
10111001
10100011
00000101
10111001
01100011
00100011
10100001
11111100
11011010
01110111
01100011
00100011
01111100
01100011
00100011
01110011
01110011
11010110
00000011
01011010
01110111
00000011
01100011
11000011
00100110
10010110
01110111
00010000
00000011
11111100
00000000
00010000
01110111
11111100
10111010
00010000
01110111
11010111
00000011
01100011
10000011
00000100
10110110
00010110
00000101
11111100
00000000
01110111
01100011
00100011
01111100
01100011
00100011
01110011
01110011
00000011
11010110
00010000
01110111
01110111
00010000
00000011
01110111
00100011
01110111
00000011
00011001
01111100
00000000
11110100
10111001
00000000
11110100
10110111
11111100
00110111
11100001
00010000
01100001
01110111
10010111
00010000
11100011
01100000
00100001
11100001
10000011
00000100
01100001
01100000
11111100
01110011
01110011
10000011
00100100
11100001
01100001
00001111
00100001
11000000
11100110
00000110
10100000
00100001
11100001
01100001
11000001
11100001
00000001
00100001
01000001
01100001
10000001
11110100
00000001
11000000
10100000
11110100
00000000
10100000
11110100
00000000
10100000
11110100
00000000
10100000
11000000
11110100
00000000
10100000
11000000
11110100
00000000
10100000
11110100
11000000
10100000
11110100
11000000
10100000
11110100
11000000
10100000
11110100
11000000
10100000
11110100
00000000
10100000
11110100
00000000
00000000
01100000
00000011
01100011
00000000
10000011
00100100
11110100
01000001
10100000
11110100
10000000
10100000
11110100
00000000
10100000
11110100
00000000
10100000
11110100
00000000
10100000
11110100
00000000
10100000
11110100
00000000
10100000
11110100
00000000
10100000
11110100
00000000
10100000
11110100
00000000
10100000
11110100
00000000
10100000
11110100
00000000
10100000
11110100
00000000
10100000
11110100
00000000
10100000
11110100
00000000
10100000
11110100
00000000
01100000
10000000
10011010
01100011
01100011
00110011
11010011
11110100
10100001
11110100
10100001
01100001
01111010
10000011
00000100
01110011
10000011
00000100
01100011
00100011
01100001
10000000
01100011
01100011
10000011
01000100
01100011
01100011
00001000
10100001
11110100
11000001
10100001
01100011
11110100
11000001
10010011
00100100
10000011
01100011
00100100
11100011
11100011
00010000
11000000
00010011
11000001
11010110
11110100
10111000
01100001
00000001
00100001
01000001
11010011
10100000
11111000
01100011
00001000
00101001
01001010
01100001
11110100
01110011
01110110
00100011
00000000
10100000
11110100
00000000
00000000
01100000
00000011
01100011
00000000
10000011
00100100
00000000
10100000
11110100
00000000
00000000
01100000
00000011
01100011
00000000
10000011
00100100
11110100
00000000
00000000
10100001
11110100
11000000
01100011
01100011
00100011
10100000
11110100
00000000
11111100
00000000
00000000
10100000
11110100
00000000
01100000
10100000
11110100
11010011
11010011
10100000
11110100
11000110
11010011
10100000
11110100
11000110
10100000
11010011
11110100
11000110
00000000
10100001
11110100
11000000
01100011
01100011
00000011
00000000
10100001
11110100
11000000
11000011
01100011
00110110
11100000
11110100
10100001
01100001
01100011
11110111
00110111
00111001
11010110
00000000
11110100
10100001
01100001
01100011
00011000
11111000
00110111
00111001
00000000
00010000
01100000
11110100
10100001
01100001
01111011
10000001
01110011
01110011
01110011
01110011
01110011
11110111
01110011
01110111
00100011
11010110
10100000
11110100
01110011
10100000
11110100
00000000
00110011
10100000
11110100
00000000
10100000
11110100
00000000
11110100
00000000
10100000
00000000
10100001
11110100
11000001
10100001
01100011
11110100
11000001
10010011
00000100
10100000
00000000
01110011
11010011
11000001
11110100
10110110
01100001
00000001
00100001
01000001
10100000
11010011
11110110
01100011
00001000
00101001
01001010
11110100
01100001
00000000
11100000
11000000
11110100
10100001
01100001
01100011
11110111
00010111
00111000
11010110
11100000
11110100
10100001
01100001
01100011
11110111
00011000
01110111
00100011
01100000
00000000
01110110
00000000
11100000
00100000
00010000
01110111
11110100
10100001
01100001
10010011
01110011
01110111
01110011
01100011
01100011
11110111
01110011
01110111
00100011
11010110
10100000
11110100
01110011
10100000
11110100
00000000
00110011
10100000
11110100
00000000
10100000
11110100
00000000
11110100
00000000
10100000
11110100
00000000
10100000
11110100
00000000
00000000
01100000
11111100
00000000
00000000
10100000
00000000
10100000
11110100
00000000
00000000
00100001
11100000
01100000
00001011
01100000
00001011
11110100
00000000
11110100
00000000
11100000
00001111
00100001
00100001
11100000
11110100
00000000
11100000
00001111
00100001
01101110
00101001
01100011
00100101
00100101
00111011
00110100
00000000
01110101
01101110
01101111
01101111
01110010
00101110
01100011
01101001
00100000
00001010
01100101
00110101
00110001
01101111
01100111
01110100
00101110
00000000
00101101
00101101
00101101
00101101
00101101
00101101
00101101
00101101
00101101
00101101
00000000
00100000
01110000
00100000
00100000
00100000
00110001
00101010
00100000
00100000
00100000
00100000
00100000
01110011
00000000
00100000
01100101
01100101
01101110
00100000
00110001
01001000
00001010
00100000
01110100
01110100
00100000
01101000
00110001
01000010
00000000
00100000
01100001
01100011
00100000
00100000
00110001
01000010
00000000
00100000
01100001
01100101
01111001
00100000
00110001
01000010
00000000
01101110
01101001
01101001
01100011
01100101
00101110
01100100
00001010
01101111
01110011
01100101
01110101
00000000
00100000
01101101
01100100
00000000
00100000
00100000
01100100
01110011
01110011
00111110
01000100
00100000
01101111
01100011
01100101
01100001
01100001
01100101
00100000
00100000
01111010
01100010
01110011
00100000
00100000
00100000
00100000
00100000
00100000
01000101
01100101
01110100
01100001
01100101
01111001
00100000
00100000
00100000
00100000
00100000
00100000
01000110
01101000
01110100
01100001
00001010
00100000
00100000
00100000
00100000
00100000
00100000
01001001
01101100
01110100
01101110
01110101
01101111
01101110
01100001
01100011
01100101
00000000
00100000
00100000
01100100
01110011
00100000
00100000
01001010
00100000
00111100
01110010
00111110
00100000
00100000
00100000
00100000
00100000
00100000
01010010
00100000
01110010
01101100
00100111
01010011
00000000
00100000
00100000
01100100
01110011
00100000
00100000
01010010
00100000
01101111
01100001
01100001
01100101
00001010
00100000
00100000
01100100
01110011
00100000
00100000
01001100
00100000
01110010
00100000
01100100
01110011
00000000
00100000
00100000
01100100
01110011
01100100
00111110
01010111
01100101
01100001
00100000
01101111
01100101
01101101
00100000
00111100
01110010
00111110
00100000
00001010
00100000
00100000
00100000
00100000
00100000
00100000
01001100
00100000
01110010
00100000
01001000
01001100
01000101
01011001
01010011
01000100
01010011
01101000
01101010
00001010
00100000
00000000
01100100
01110011
01110101
01100010
00110010
01110100
01101001
01100100
01100100
01110011
00110000
00111000
01100001
00100000
00110000
01000001
01001001
00100101
00100101
00000000
01110010
01101110
01111000
01101110
01101101
01110010
00101110
01101100
01101001
01100100
00100000
01101000
00101110
01110100
01101001
01110100
01110000
01110010
00101110
00000000
01100101
01101110
01010011
00101110
00100000
00100000
01100111
01111000
00100000
00100000
01100111
01111000
00100000
00100000
01100111
01111000
00100000
00100000
01100111
01111000
01100100
01110100
01100011
01100101
00000000
01101000
01101001
01100011
01101011
00101110
00000000
01100101
01110010
01101110
01101001
01101111
01101110
00000000
00000000
00000000
00000000
00000000
00000000
00000000
00000000
00000000
00000000
00000000
00000000
00000000
00000000
00000000
00000000
00000000
00000000
00000000
00000000
00000000
00000000
00000000
00000000
01010000
01010011
01010100
00000000
01100101
01110100
01111010
00110001
00000000
00000000
00000111
00001110
00001001
01101101
01101010
01100011
01100100
11011011
11011100
11010101
11010010
10110110
10110001
10111000
10111111
10110111
10110000
10111001
10111110
11011010
11011101
11010100
11010011
01101100
01101011
01100010
01100101
00000001
00000110
00001111
00001000
01101110
01101001
01100000
01100111
00000011
00000100
00001101
00001010
10110101
10110010
10111011
10111100
11011000
11011111
11010110
11010001
11011001
11011110
11010111
11010000
10110100
10110011
10111010
10111101
00000010
00000101
00001100
00001011
01101111
01101000
01100001
01100110
11011100
11011011
11010010
11010101
10110001
10110110
10111111
10111000
00000111
00000000
00001001
00001110
01101010
01101101
01100100
01100011
01101011
01101100
01100101
01100010
00000110
00000001
00001000
00001111
10110000
10110111
10111110
10111001
11011101
11011010
11010011
11010100
10110010
10110101
10111100
10111011
11011111
11011000
11010001
11010110
01101001
01101110
01100111
01100000
00000100
00000011
00001010
00001101
00000101
00000010
00001011
00001100
01101000
01101111
01100110
01100001
11011110
11011001
11010000
11010111
10110011
10110100
10111101
10111010
10111000
10111111
10110110
10110001
11010101
11010010
11011011
11011100
01100011
01100100
01101101
01101010
00001110
00001001
00000000
00000111
00001111
00001000
00000001
00000110
01100010
01100101
01101100
01101011
11010100
11010011
11011010
11011101
10111001
10111110
10110111
10110000
11010110
11010001
11011000
11011111
10111011
10111100
10110101
10110010
00001101
00001010
00000011
00000100
01100000
01100111
01101110
01101001
01100001
01100110
01101111
01101000
00001100
00001011
00000010
00000101
10111010
10111101
10110100
10110011
11010111
11010000
11011001
11011110
01100100
01100011
01101010
01101101
00001001
00001110
00000111
00000000
10111111
10111000
10110001
10110110
11010010
11010101
11011100
11011011
11010011
11010100
11011101
11011010
10111110
10111001
10110000
10110111
00001000
00001111
00000110
00000001
01100101
01100010
01101011
01101100
00001010
00001101
00000100
00000011
01100111
01100000
01101001
01101110
11010001
11010110
11011111
11011000
10111100
10111011
10110010
10110101
10111101
10111010
10110011
10110100
11010000
11010111
11011110
11011001
01100110
01100001
01101000
01101111
00001011
00001100
00000101
00000010
00000000
00000000
00000000
00000000
00000000
00000000
00000000
00000000
00000000
00000000
00000000
00000000
00000000
00000000
00000000
00000000
00000000
00000000
00000000
00000000
00000000
00000000
00000000
00000000
00000000
00000000
00000000
00000000
00000000
00000000
00000000
00000000
00000000
00000000
00000000
00000000
00000000
00000000
00000000
00000000
00000000
00000000
00000000
00000000
00000000
00000000
00000000
00000000
00000000
00000000
00000000
00000000
00000000
00000000
00000000
00000000
00000000
00000000
00000000
00000000
00000000
00000000
00000000
00000000
00000000
00000000
00000000
00000000
00000000
00000000
00000000
00000000
00000000
00000000
11111111
00000000
11111111
00000000
00000000
00000000
00100000
00110000
00110011
00000000
00000000
00000000
00000000
00000000
00000000
00000000
00000000
00000000
00000000
00000000
00000000
00000000
00000000
00000000
00000000
00000000
00000000
00000000
00000000
00000000
00000000
00000000
00000000
00000000
00000000
00000000
00000000
00000000
00000000
00000000
00000000
00000000
00000000
00000000
00000000
00000000
00000000
00000000
00000000
00000000
00000000
00000000
00000000
00000000
00000000
00000000
00000000
00000000
00000000
00000000
00000000
00000000
00000000
00000000
00000000
00000000
00000000
00000000
00000000
00000000
00000000
00000000
00000000
00000000
00000000
00000000
00000000
00000000
00000000
00000000
00000000
00000000
00000000
00000000
00000000
00000000
00000000
00000000
00000000
00000000
00000000
00000000
00000000
00000000
00000000
00000000
00000000
00000000
00000000
00000000
00000000
00000000
00000000
00000000
00000000
00000000
00000000
00000000
00000000
00000000
00000000
00000000
00000000
00000000
00000000
00000000
00000000
00000000
00000000
00000000
00000000
00000000
00000000
00000000
00000000
00000000
00000000
00000000
00000000
00000000
00000000
00000000
00000000
00000000
00000000
00000000
00000000
00000000
00000000
00000000
00000000
00000000
00000000
00000000
00000000
00000000
00000000
00000000
00000000
00000000
00000000
00000000
00000000
00000000
00000000
00000000
00000000
00000000
00000000
00000000
00000000
00000000
00000000
00000000
00000000
00000000
00000000
00000000
00000000
00000000
00000000
00000000
00000000
00000000
00000000
00000000
00000000
00000000
00000000
00000000
00000000
00000000
00000000
00000000
00000000
00000000
00000000
00000000
00000000
00000000
00000000
00000000
00000000
00000000
00000000
00000000
00000000
00000000
00000000
00000000
00000000
00000000
00000000
00000000
00000000
00000000
00000000
00000000
00000000
00000000
00000000
00000000
00000000
00000000
00000000
00000000
00000000
00000000
00000000
00000000
00000000
00000000
00000000
00000000
00000000
00000000
00000000
00000000
00000000
00000000
00000000
00000000
00000000
00000000
00000000
00000000
00000000
00000000
00000000
00000000
00000000
00000000
00000000
00000000
00000000
00000000
00000000
00000000
00000000
00000000
00000000
00000000
00000000
00000000
00000000
00000000
00000000
00000000
00000000
00000000
00000000
00000000
00000000
00000000
00000000
00000000
00000000
00000000
00000000
00000000
00000000
00000000
00000000
00000000
00000000
00000000
00000000
00000000
00000000
00000000
00000000
00000000
00000000
00000000
00000000
00000000
00000000
00000000
00000000
00000000
00000000
00000000
00000000
00000000
00000000
00000000
00000000
00000000
00000000
00000000
00000000
00000000
00000000
00000000
00000000
00000000
00000000
00000000
00000000
00000000
00000000
00000000
00000000
00000000
00000000
00000000
00000000
00000000
00000000
00000000
00000000
00000000
00000000
00000000
00000000
00000000
00000000
00000000
00000000
00000000
00000000
00000000
00000000
00000000
00000000
00000000
00000000
00000000
00000000
00000000
00000000
00000000
00000000
00000000
00000000
00000000
00000000
00000000
00000000
00000000
00000000
00000000
00000000
00000000
00000000
00000000
00000000
00000000
00000000
00000000
00000000
00000000
00000000
00000000
00000000
00000000
00000000
00000000
00000000
00000000
00000000
00000000
00000000
00000000
00000000
00000000
00000000
00000000
00000000
00000000
00000000
00000000
00000000
00000000
00000000
00000000
00000000
00000000
00000000
00000000
00000000
00000000
00000000
00000000
00000000
00000000
00000000
00000000
00000000
00000000
00000000
00000000
00000000
00000000
00000000
00000000
00000000
00000000
00000000
00000000
00000000
00000000
00000000
00000000
00000000
00000000
00000000
00000000
00000000
00000000
00000000
00000000
00000000
00000000
00000000
00000000
00000000
00000000
00000000
00000000
00000000
00000000
00000000
00000000
00000000
00000000
00000000
00000000
00000000
00000000
00000000
00000000
00000000
00000000
00000000
00000000
00000000
00000000
00000000
00000000
00000000
00000000
00000000
00000000
00000000
00000000
00000000
00000000
00000000
00000000
00000000
00000000
00000000
00000000
00000000
00000000
00000000
00000000
00000000
00000000
00000000
00000000
00000000
00000000
00000000
00000000
00000000
00000000
00000000
00000000
00000000
00000000
00000000
00000000
00000000
00000000
00000000
00000000
00000000
00000000
00000000
00000000
00000000
00000000
00000000
00000000
00000000
00000000
00000000
00000000
00000000
00000000
00000000
00000000
00000000
00000000
00000000
00000000
00000000
00000000
00000000
00000000
00000000
00000000
00000000
00000000
00000000
00000000
00000000
00000000
00000000
00000000
00000000
00000000
00000000
00000000
00000000
00000000
00000000
00000000
00000000
00000000
00000000
00000000
00000000
00000000
00000000
00000000
00000000
00000000
00000000
00000000
00000000
00000000
00000000
00000000
00000000
00000000
00000000
00000000
00000000
00000000
00000000
00000000
00000000
00000000
00000000
00000000
00000000
00000000
00000000
00000000
00000000
00000000
00000000
00000000
00000000
00000000
00000000
00000000
00000000
00000000
00000000
00000000
00000000
00000000
00000000
00000000
00000000
00000000
00000000
00000000
00000000
00000000
00000000
00000000
00000000
00000000
00000000
00000000
00000000
00000000
00000000
00000000
00000000
00000000
00000000
00000000
00000000
00000000
00000000
00000000
00000000
00000000
00000000
00000000
00000000
00000000
00000000
00000000
00000000
00000000
00000000
00000000
00000000
00000000
00000000
00000000
00000000
00000000
00000000
00000000
00000000
00000000
00000000
00000000
00000000
00000000
00000000
00000000
00000000
00000000
00000000
00000000
00000000
00000000
00000000
00000000
00000000
00000000
00000000
00000000
00000000
00000000
00000000
00000000
00000000
00000000
00000000
00000000
00000000
00000000
00000000
00000000
00000000
00000000
00000000
00000000
00000000
00000000
00000000
00000000
00000000
00000000
00000000
00000000
00000000
00000000
00000000
00000000
00000000
00000000
00000000
00000000
00000000
00000000
00000000
00000000
00000000
00000000
00000000
00000000
00000000
00000000
00000000
00000000
00000000
00000000
00000000
00000000
00000000
00000000
00000000
00000000
00000000
00000000
00000000
00000000
00000000
00000000
00000000
00000000
00000000
00000000
00000000
00000000
00000000
00000000
00000000
00000000
00000000
00000000
00000000
00000000
00000000
00000000
00000000
00000000
00000000
00000000
00000000
00000000
00000000
00000000
00000000
00000000
00000000
00000000
00000000
00000000
00000000
00000000
00000000
00000000
00000000
00000000
00000000
00000000
00000000
00000000
00000000
00000000
00000000
00000000
00000000
00000000
00000000
00000000
00000000
00000000
00000000
00000000
00000000
00000000
00000000
00000000
00000000
00000000
00000000
00000000
00000000
00000000
00000000
00000000
00000000
00000000
00000000
00000000
00000000
00000000
00000000
00000000
00000000
00000000
00000000
00000000
00000000
00000000
00000000
00000000
00000000
00000000
00000000
00000000
00000000
00000000
00000000
00000000
00000000
00000000
00000000
00000000
00000000
00000000
00000000
00000000
00000000
00000000
00000000
00000000
00000000
00000000
00000000
00000000
00000000
00000000
00000000
00000000
00000000
00000000
00000000
00000000
00000000
00000000
00000000
00000000
00000000
00000000
00000000
00000000
00000000
00000000
00000000
00000000
00000000
00000000
00000000
00000000
00000000
00000000
00000000
00000000
00000000
00000000
00000000
00000000
00000000
00000000
00000000
00000000
00000000
00000000
00000000
00000000
00000000
00000000
00000000
00000000
00000000
00000000
00000000
00000000
00000000
00000000
00000000
00000000
00000000
00000000
00000000
00000000
00000000
00000000
00000000
00000000
00000000
00000000
00000000
00000000
00000000
00000000
00000000
00000000
00000000
00000000
00000000
00000000
00000000
00000000
00000000
00000000
00000000
00000000
00000000
00000000
00000000
00000000
00000000
00000000
00000000
00000000
00000000
00000000
00000000
00000000
00000000
00000000
00000000
00000000
00000000
00000000
00000000
00000000
00000000
00000000
00000000
00000000
00000000
00000000
00000000
00000000
00000000
00000000
00000000
00000000
00000000
00000000
00000000
00000000
00000000
00000000
00000000
00000000
00000000
00000000
00000000
00000000
00000000
00000000
00000000
00000000
00000000
00000000
00000000
00000000
00000000
00000000
00000000
00000000
00000000
00000000
00000000
00000000
00000000
00000000
00000000
00000000
00000000
00000000
00000000
00000000
00000000
00000000
00000000
00000000
00000000
00000000
00000000
00000000
00000000
00000000
00000000
00000000
00000000
00000000
00000000
00000000
00000000
00000000
00000000
00000000
00000000
00000000
00000000
00000000
00000000
00000000
00000000
00000000
00000000
00000000
00000000
00000000
00000000
00000000
00000000
00000000
00000000
00000000
00000000
00000000
00000000
00000000
00000000
00000000
00000000
00000000
00000000
00000000
00000000
00000000
00000000
00000000
00000000
00000000
00000000
00000000
00000000
00000000
00000000
00000000
00000000
00000000
00000000
00000000
00000000
00000000
00000000
00000000
00000000
00000000
00000000
00000000
00000000
00000000
00000000
00000000
00000000
00000000
00000000
00000000
00000000
00000000
00000000
00000000
00000000
00000000
00000000
00000000
00000000
00000000
00000000
00000000
00000000
00000000
00000000
00000000
00000000
00000000
00000000
00000000
00000000
00000000
00000000
00000000
00000000
00000000
00000000
00000000
00000000
00000000
00000000
00000000
00000000
00000000
00000000
00000000
00000000
00000000
00000000
00000000
00000000
00000000
00000000
00000000
00000000
00000000
00000000
00000000
00000000
00000000
00000000
00000000
00000000
00000000
00000000
00000000
00000000
00000000
00000000
00000000
00000000
00000000
00000000
00000000
00000000
00000000
00000000
00000000
00000000
00000000
00000000
00000000
00000000
00000000
00000000
00000000
00000000
00000000
00000000
00000000
00000000
00000000
00000000
00000000
00000000
00000000
00000000
00000000
00000000
00000000
00000000
00000000
00000000
00000000
00000000
00000000
00000000
00000000
00000000
00000000
00000000
00000000
00000000
00000000
00000000
00000000
00000000
00000000
00000000
00000000
00000000
00000000
00000000
00000000
00000000
00000000
00000000
00000000
00000000
00000000
00000000
00000000
00000000
00000000
00000000
00000000
00000000
00000000
00000000
00000000
00000000
00000000
00000000
00000000
00000000
00000000
00000000
00000000
00000000
00000000
00000000
00000000
00000000
00000000
00000000
00000000
00000000
00000000
00000000
00000000
00000000
00000000
00000000
00000000
00000000
00000000
00000000
00000000
00000000
00000000
00000000
00000000
00000000
00000000
00000000
00000000
00000000
00000000
00000000
00000000
00000000
00000000
00000000
00000000
00000000
00000000
00000000
00000000
00000000
00000000
00000000
00000000
00000000
00000000
00000000
00000000
00000000
00000000
00000000
00000000
00000000
00000000
00000000
00000000
00000000
00000000
00000000
00000000
00000000
00000000
00000000
00000000
00000000
00000000
00000000
00000000
00000000
00000000
00000000
00000000
00000000
00000000
00000000
00000000
00000000
00000000
00000000
00000000
00000000
00000000
00000000
00000000
00000000
00000000
00000000
00000000
00000000
00000000
00000000
00000000
00000000
00000000
00000000
00000000
00000000
00000000
00000000
00000000
00000000
00000000
00000000
00000000
00000000
00000000
00000000
00000000
00000000
00000000
00000000
00000000
00000000
00000000
00000000
00000000
00000000
00000000
00000000
00000000
00000000
00000000
00000000
00000000
00000000
00000000
00000000
00000000
00000000
00000000
00000000
00000000
00000000
00000000
00000000
00000000
00000000
00000000
00000000
00000000
00000000
00000000
00000000
00000000
00000000
00000000
00000000
00000000
00000000
00000000
00000000
00000000
00000000
00000000
00000000
00000000
00000000
00000000
00000000
00000000
00000000
00000000
00000000
00000000
00000000
00000000
00000000
00000000
00000000
00000000
00000000
00000000
00000000
00000000
00000000
00000000
00000000
00000000
00000000
00000000
00000000
00000000
00000000
00000000
00000000
00000000
00000000
00000000
00000000
00000000
00000000
00000000
00000000
00000000
00000000
00000000
00000000
00000000
00000000
00000000
00000000
00000000
00000000
00000000
00000000
00000000
00000000
00000000
00000000
00000000
00000000
00000000
00000000
00000000
00000000
00000000
00000000
00000000
00000000
00000000
00000000
00000000
00000000
00000000
00000000
00000000
00000000
00000000
00000000
00000000
00000000
00000000
00000000
00000000
00000000
00000000
00000000
00000000
00000000
00000000
00000000
00000000
00000000
00000000
00000000
00000000
00000000
00000000
00000000
00000000
00000000
00000000
00000000
00000000
00000000
00000000
00000000
00000000
00000000
00000000
00000000
00000000
00000000
00000000
00000000
00000000
00000000
00000000
00000000
00000000
00000000
00000000
00000000
00000000
00000000
00000000
00000000
00000000
00000000
00000000
00000000
00000000
00000000
00000000
00000000
00000000
00000000
00000000
00000000
00000000
00000000
00000000
00000000
00000000
00000000
00000000
00000000
00000000
00000000
00000000
00000000
00000000
00000000
00000000
00000000
00000000
00000000
00000000
00000000
00000000
00000000
00000000
00000000
00000000
00000000
00000000
00000000
00000000
00000000
00000000
00000000
00000000
00000000
00000000
00000000
00000000
00000000
00000000
00000000
00000000
00000000
00000000
00000000
00000000
00000000
00000000
00000000
00000000
00000000
00000000
00000000
00000000
00000000
00000000
00000000
00000000
00000000
00000000
00000000
00000000
00000000
00000000
00000000
00000000
00000000
00000000
00000000
00000000
00000000
00000000
00000000
00000000
00000000
00000000
00000000
00000000
00000000
00000000
00000000
00000000
00000000
00000000
00000000
00000000
00000000
00000000
00000000
00000000
00000000
00000000
00000000
00000000
00000000
00000000
00000000
00000000
00000000
00000000
00000000
00000000
00000000
00000000
00000000
00000000
00000000
00000000
00000000
00000000
00000000
00000000
00000000
00000000
00000000
00000000
00000000
00000000
00000000
00000000
00000000
00000000
00000000
00000000
00000000
00000000
00000000
00000000
00000000
00000000
00000000
00000000
00000000
00000000
00000000
00000000
00000000
00000000
00000000
00000000
00000000
00000000
00000000
00000000
00000000
00000000
00000000
00000000
00000000
00000000
00000000
00000000
00000000
00000000
00000000
00000000
00000000
00000000
00000000
00000000
00000000
00000000
00000000
00000000
00000000
00000000
00000000
00000000
00000000
00000000
00000000
00000000
00000000
00000000
00000000
00000000
00000000
00000000
00000000
00000000
00000000
00000000
00000000
00000000
00000000
00000000
00000000
00000000
00000000
00000000
00000000
00000000
00000000
00000000
00000000
00000000
00000000
00000000
00000000
00000000
00000000
00000000
00000000
00000000
00000000
00000000
00000000
00000000
00000000
00000000
00000000
00000000
00000000
00000000
00000000
00000000
00000000
00000000
00000000
00000000
00000000
00000000
00000000
00000000
00000000
00000000
00000000
00000000
00000000
00000000
00000000
00000000
00000000
00000000
00000000
00000000
00000000
00000000
00000000
00000000
00000000
00000000
00000000
00000000
00000000
00000000
00000000
00000000
00000000
00000000
00000000
00000000
00000000
00000000
00000000
00000000
00000000
00000000
00000000
00000000
00000000
00000000
00000000
00000000
00000000
00000000
00000000
00000000
00000000
00000000
00000000
00000000
00000000
00000000
00000000
00000000
00000000
00000000
00000000
00000000
00000000
00000000
00000000
00000000
00000000
00000000
00000000
00000000
00000000
00000000
00000000
00000000
00000000
00000000
00000000
00000000
00000000
00000000
00000000
00000000
00000000
00000000
00000000
00000000
00000000
00000000
00000000
00000000
00000000
00000000
00000000
00000000
00000000
00000000
00000000
00000000
00000000
00000000
00000000
00000000
00000000
00000000
00000000
00000000
00000000
00000000
00000000
00000000
00000000
00000000
00000000
00000000
00000000
00000000
00000000
00000000
00000000
00000000
00000000
00000000
00000000
00000000
00000000
00000000
00000000
00000000
00000000
00000000
00000000
00000000
00000000
00000000
00000000
00000000
00000000
00000000
00000000
00000000
00000000
00000000
00000000
00000000
00000000
00000000
00000000
00000000
00000000
00000000
00000000
00000000
00000000
00000000
00000000
00000000
00000000
00000000
00000000
00000000
00000000
00000000
00000000
00000000
00000000
00000000
00000000
00000000
00000000
00000000
00000000
00000000
00000000
00000000
00000000
00000000
00000000
00000000
00000000
00000000
00000000
00000000
00000000
00000000
00000000
00000000
00000000
00000000
00000000
00000000
00000000
00000000
00000000
00000000
00000000
00000000
00000000
00000000
00000000
00000000
00000000
00000000
00000000
00000000
00000000
00000000
00000000
00000000
00000000
00000000
00000000
00000000
00000000
00000000
00000000
00000000
00000000
00000000
00000000
00000000
00000000
00000000
00000000
00000000
00000000
00000000
00000000
00000000
00000000
00000000
00000000
00000000
00000000
00000000
00000000
00000000
00000000
00000000
00000000
00000000
00000000
00000000
00000000
00000000
00000000
00000000
00000000
00000000
00000000
00000000
00000000
00000000
00000000
00000000
00000000
00000000
00000000
00000000
00000000
00000000
00000000
00000000
00000000
00000000
00000000
00000000
00000000
00000000
00000000
00000000
00000000
00000000
00000000
00000000
00000000
00000000
00000000
00000000
00000000
00000000
00000000
00000000
00000000
00000000
00000000
00000000
00000000
00000000
00000000
00000000
00000000
00000000
00000000
00000000
00000000
00000000
00000000
00000000
00000000
00000000
00000000
00000000
00000000
00000000
00000000
00000000
00000000
00000000
00000000
00000000
00000000
00000000
00000000
00000000
00000000
00000000
00000000
00000000
00000000
00000000
00000000
00000000
00000000
00000000
00000000
00000000
00000000
00000000
00000000
00000000
00000000
00000000
00000000
00000000
00000000
00000000
00000000
00000000
00000000
00000000
00000000
00000000
00000000
00000000
00000000
00000000
00000000
00000000
00000000
00000000
00000000
00000000
00000000
00000000
00000000
00000000
00000000
00000000
00000000
00000000
00000000
00000000
00000000
00000000
00000000
00000000
00000000
00000000
00000000
00000000
00000000
00000000
00000000
00000000
00000000
00000000
00000000
00000000
00000000
00000000
00000000
00000000
00100000
00110000
00110000
00110000
00110000
00110000
00110000
00110000
00110000
00000000
00000000
00000000
00000000
00000000
00000000
00000000
00000000
00000000
00000000
00000000
00000000
00000000
00000000
00000000
00000000
00000000
00000000
00000000
00000000
00000000
00000000
00000000
00000000
00000000
00000000
00000000
00000000
00000000
00000000
00000000
00000000
00000000
00000000
00000000
00000000
00000000
00000000
00000000
00000000
00000000
00000000
00000000
00000000
00000000
00000000
00000000
00000000
00000000
00000000
00000000
00000000
00000000
00000000
00000000
00000000
00000000
00000000
00000000
00000000
00000000
00000000
00000000
00000000
00000000
00000000
00000000
00000000
00000000
00000000
00000000
00000000
00000000
00000000
00000000
00000000
00000000
00000000
00000000
00000000
00000000
00000000
00000000
00000000
00000000
00000000
00000000
00000000
00000000
00000000
00000000
00000000
00000000
00000000
00000000
00000000
00000000
00000000
00000000
00000000
00000000
00000000
00000000
00000000
00000000
00000000
00000000
00000000
00000000
00000000
00000000
00000000
00000000
00000000
00000000
00000000
00000000
00000000
